Inference for Stan model: GP.
4 chains, each with iter=1000; warmup=500; thin=1; 
post-warmup draws per chain=500, total post-warmup draws=2000.

                  mean se_mean    sd    2.5%     25%     50%     75%
alpha[1]          1.25    0.01  0.48    0.43    0.91    1.20    1.55
alpha[2]          0.80    0.01  0.62    0.03    0.31    0.66    1.14
alpha[3]          0.80    0.01  0.59    0.03    0.32    0.71    1.13
rho[1]            1.06    0.01  0.48    0.41    0.71    0.96    1.33
rho[2]            0.78    0.01  0.61    0.03    0.30    0.64    1.15
rho[3]            0.81    0.01  0.58    0.04    0.34    0.69    1.16
sigma             4.09    0.06  3.18    0.13    1.53    3.46    5.87
eta[1,1]         -0.20    0.01  0.55   -1.28   -0.54   -0.20    0.12
eta[1,2]         -0.01    0.02  0.99   -1.88   -0.67   -0.02    0.68
eta[1,3]          0.00    0.02  0.97   -1.96   -0.64    0.01    0.65
eta[2,1]          1.33    0.02  0.68    0.09    0.88    1.30    1.76
eta[2,2]         -0.01    0.02  1.03   -1.94   -0.70   -0.01    0.68
eta[2,3]          0.05    0.02  1.03   -1.90   -0.69    0.05    0.77
eta[3,1]         -0.01    0.02  0.75   -1.55   -0.52   -0.02    0.49
eta[3,2]          0.01    0.02  0.96   -1.85   -0.61   -0.01    0.66
eta[3,3]          0.00    0.02  1.00   -1.91   -0.68   -0.01    0.67
eta[4,1]         -0.23    0.02  0.84   -1.83   -0.80   -0.24    0.33
eta[4,2]          0.00    0.02  1.00   -1.93   -0.69    0.02    0.68
eta[4,3]          0.00    0.02  0.98   -1.86   -0.67    0.00    0.66
eta[5,1]          0.31    0.02  0.87   -1.38   -0.27    0.33    0.89
eta[5,2]         -0.01    0.02  1.00   -2.00   -0.67   -0.03    0.71
eta[5,3]         -0.01    0.02  0.98   -1.89   -0.67   -0.02    0.66
eta[6,1]          0.06    0.02  0.90   -1.74   -0.53    0.07    0.67
eta[6,2]         -0.01    0.02  0.98   -1.94   -0.68    0.01    0.67
eta[6,3]          0.01    0.02  0.98   -1.84   -0.67    0.03    0.67
eta[7,1]         -0.46    0.02  0.88   -2.20   -1.03   -0.47    0.09
eta[7,2]          0.01    0.02  0.94   -1.80   -0.62    0.01    0.69
eta[7,3]          0.01    0.02  0.99   -1.97   -0.64   -0.03    0.67
eta[8,1]          0.71    0.02  0.95   -1.17    0.08    0.70    1.37
eta[8,2]          0.00    0.02  1.01   -1.94   -0.65    0.02    0.69
eta[8,3]         -0.01    0.02  0.99   -1.92   -0.70    0.00    0.68
eta[9,1]          0.46    0.02  0.94   -1.39   -0.17    0.48    1.11
eta[9,2]          0.02    0.02  0.99   -1.82   -0.68    0.03    0.71
eta[9,3]          0.02    0.02  1.01   -1.96   -0.65    0.00    0.71
eta[10,1]         0.18    0.02  0.98   -1.72   -0.47    0.17    0.84
eta[10,2]        -0.05    0.02  0.96   -1.92   -0.72   -0.05    0.62
eta[10,3]         0.02    0.02  0.98   -1.92   -0.62    0.02    0.65
eta[11,1]         0.56    0.02  0.93   -1.29   -0.06    0.58    1.17
eta[11,2]         0.00    0.02  1.01   -1.99   -0.67   -0.01    0.65
eta[11,3]        -0.03    0.02  1.02   -1.97   -0.73   -0.02    0.68
eta[12,1]        -0.29    0.02  1.01   -2.19   -0.98   -0.29    0.41
eta[12,2]         0.00    0.02  1.01   -2.06   -0.66    0.01    0.69
eta[12,3]        -0.01    0.02  0.98   -1.90   -0.66    0.00    0.65
eta[13,1]        -0.45    0.02  0.96   -2.35   -1.09   -0.43    0.16
eta[13,2]         0.00    0.02  1.04   -2.03   -0.72    0.01    0.69
eta[13,3]         0.00    0.02  0.97   -1.91   -0.61    0.00    0.64
eta[14,1]         0.11    0.02  0.97   -1.77   -0.52    0.11    0.75
eta[14,2]        -0.01    0.02  0.99   -1.90   -0.70   -0.04    0.66
eta[14,3]         0.02    0.02  0.99   -1.87   -0.63    0.00    0.67
eta[15,1]         0.23    0.02  0.97   -1.65   -0.45    0.25    0.88
eta[15,2]         0.02    0.02  1.06   -2.08   -0.64    0.02    0.69
eta[15,3]        -0.02    0.02  1.05   -2.10   -0.70   -0.01    0.68
eta[16,1]         0.34    0.02  0.98   -1.59   -0.31    0.35    1.00
eta[16,2]         0.00    0.02  0.94   -1.86   -0.59    0.00    0.64
eta[16,3]         0.04    0.02  1.02   -2.08   -0.63    0.07    0.76
eta[17,1]         0.19    0.02  0.99   -1.71   -0.45    0.17    0.83
eta[17,2]        -0.02    0.02  1.02   -1.95   -0.69   -0.02    0.67
eta[17,3]        -0.02    0.02  0.98   -1.95   -0.67    0.00    0.63
eta[18,1]        -0.08    0.02  1.03   -2.08   -0.77   -0.10    0.59
eta[18,2]         0.00    0.02  0.99   -2.04   -0.66    0.02    0.66
eta[18,3]         0.03    0.02  1.00   -1.93   -0.64    0.02    0.67
eta[19,1]         0.12    0.02  1.00   -1.80   -0.57    0.13    0.82
eta[19,2]        -0.01    0.02  1.02   -1.92   -0.73   -0.01    0.72
eta[19,3]         0.00    0.02  1.02   -1.97   -0.66    0.03    0.64
eta[20,1]        -0.15    0.02  1.02   -2.15   -0.84   -0.12    0.55
eta[20,2]        -0.01    0.02  1.02   -2.02   -0.72   -0.02    0.69
eta[20,3]        -0.02    0.02  1.04   -2.01   -0.74    0.00    0.69
eta[21,1]         0.03    0.02  0.99   -2.00   -0.63    0.03    0.68
eta[21,2]         0.02    0.02  1.00   -1.92   -0.63    0.03    0.66
eta[21,3]        -0.01    0.02  0.99   -1.93   -0.67    0.01    0.63
eta[22,1]         0.04    0.02  1.00   -1.85   -0.63    0.00    0.68
eta[22,2]        -0.02    0.02  1.02   -2.03   -0.70   -0.03    0.65
eta[22,3]         0.01    0.02  0.98   -1.90   -0.66    0.02    0.68
eta[23,1]         0.00    0.02  1.00   -1.87   -0.72    0.00    0.70
eta[23,2]        -0.04    0.02  1.00   -2.03   -0.70   -0.03    0.63
eta[23,3]         0.01    0.02  0.99   -1.93   -0.66    0.00    0.68
eta[24,1]         0.02    0.02  1.01   -1.98   -0.65    0.00    0.69
eta[24,2]         0.03    0.02  1.04   -2.08   -0.69    0.02    0.74
eta[24,3]         0.02    0.02  0.99   -1.90   -0.66    0.03    0.70
eta[25,1]         0.15    0.02  0.96   -1.74   -0.49    0.18    0.82
eta[25,2]         0.01    0.02  0.96   -1.84   -0.64    0.03    0.65
eta[25,3]         0.01    0.02  0.99   -1.88   -0.65    0.00    0.66
eta[26,1]         0.17    0.02  0.96   -1.69   -0.48    0.18    0.85
eta[26,2]        -0.04    0.02  1.06   -2.08   -0.75   -0.03    0.64
eta[26,3]         0.02    0.02  1.02   -1.92   -0.68    0.01    0.66
eta[27,1]        -0.18    0.02  0.97   -2.07   -0.83   -0.17    0.46
eta[27,2]         0.00    0.02  0.97   -1.92   -0.64    0.00    0.66
eta[27,3]         0.05    0.02  0.97   -1.90   -0.60    0.05    0.67
eta[28,1]        -0.10    0.02  1.01   -2.05   -0.80   -0.10    0.60
eta[28,2]         0.00    0.02  1.06   -2.13   -0.69   -0.02    0.71
eta[28,3]         0.02    0.02  0.93   -1.86   -0.61    0.00    0.62
eta[29,1]        -0.05    0.02  1.01   -1.97   -0.78   -0.05    0.66
eta[29,2]         0.04    0.02  1.01   -1.97   -0.66    0.03    0.71
eta[29,3]         0.01    0.02  0.97   -1.79   -0.66   -0.02    0.69
eta[30,1]         0.11    0.02  1.01   -1.92   -0.56    0.12    0.76
eta[30,2]         0.01    0.02  0.96   -1.88   -0.64   -0.01    0.67
eta[30,3]         0.01    0.02  1.02   -2.03   -0.67    0.00    0.69
eta[31,1]        -0.12    0.02  1.02   -2.21   -0.81   -0.12    0.57
eta[31,2]         0.00    0.02  1.05   -2.02   -0.71    0.01    0.68
eta[31,3]         0.01    0.02  1.02   -1.98   -0.69    0.02    0.72
eta[32,1]         0.02    0.02  1.00   -2.03   -0.63    0.02    0.71
eta[32,2]         0.00    0.02  0.99   -1.90   -0.65    0.03    0.66
eta[32,3]         0.01    0.02  0.98   -1.85   -0.65   -0.01    0.71
eta[33,1]         0.02    0.02  1.00   -1.99   -0.63    0.04    0.69
eta[33,2]         0.00    0.02  1.03   -2.06   -0.69    0.01    0.70
eta[33,3]        -0.01    0.02  0.96   -1.86   -0.69   -0.03    0.67
eta[34,1]        -0.10    0.02  1.04   -2.16   -0.81   -0.10    0.59
eta[34,2]         0.02    0.02  0.97   -1.87   -0.63    0.02    0.66
eta[34,3]        -0.02    0.02  0.99   -1.98   -0.68   -0.02    0.65
eta[35,1]         0.01    0.02  1.00   -2.00   -0.67    0.01    0.66
eta[35,2]        -0.01    0.02  0.97   -1.84   -0.69   -0.02    0.65
eta[35,3]        -0.02    0.02  0.99   -1.94   -0.69   -0.04    0.65
eta[36,1]        -0.05    0.02  0.97   -2.09   -0.69   -0.03    0.61
eta[36,2]         0.02    0.02  1.01   -2.02   -0.65    0.02    0.73
eta[36,3]        -0.03    0.02  1.00   -2.01   -0.65   -0.07    0.61
eta[37,1]         0.23    0.02  1.00   -1.64   -0.42    0.23    0.90
eta[37,2]         0.02    0.02  0.99   -1.94   -0.61    0.05    0.67
eta[37,3]        -0.01    0.02  0.98   -1.96   -0.63   -0.01    0.63
eta[38,1]         0.14    0.02  1.04   -1.89   -0.57    0.15    0.87
eta[38,2]         0.00    0.02  0.99   -1.85   -0.69   -0.01    0.69
eta[38,3]        -0.04    0.02  0.98   -1.93   -0.69   -0.02    0.62
eta[39,1]         0.15    0.02  1.01   -1.94   -0.48    0.14    0.83
eta[39,2]         0.01    0.02  1.00   -1.92   -0.65    0.02    0.70
eta[39,3]         0.03    0.02  0.97   -1.94   -0.58    0.04    0.68
eta[40,1]         0.02    0.02  1.00   -2.00   -0.65    0.02    0.70
eta[40,2]         0.01    0.02  0.98   -1.92   -0.64    0.01    0.67
eta[40,3]         0.00    0.02  0.98   -1.90   -0.69    0.00    0.69
eta[41,1]        -0.02    0.02  0.98   -2.01   -0.69   -0.02    0.64
eta[41,2]        -0.01    0.02  0.98   -2.00   -0.66   -0.03    0.65
eta[41,3]        -0.03    0.02  1.04   -2.00   -0.75   -0.02    0.71
eta[42,1]         0.05    0.02  1.03   -1.93   -0.65    0.06    0.74
eta[42,2]        -0.02    0.02  1.01   -2.02   -0.69   -0.03    0.65
eta[42,3]        -0.01    0.02  1.00   -1.95   -0.69   -0.01    0.63
eta[43,1]         0.16    0.02  0.99   -1.80   -0.53    0.17    0.82
eta[43,2]         0.00    0.02  0.99   -1.87   -0.68   -0.02    0.67
eta[43,3]         0.03    0.02  0.99   -1.86   -0.64    0.04    0.71
eta[44,1]         0.30    0.02  0.96   -1.59   -0.35    0.28    0.98
eta[44,2]        -0.04    0.02  0.99   -1.94   -0.75   -0.03    0.66
eta[44,3]         0.00    0.02  0.99   -1.93   -0.70    0.02    0.69
eta[45,1]         0.00    0.02  0.99   -1.90   -0.70   -0.03    0.67
eta[45,2]         0.01    0.02  0.98   -1.89   -0.66    0.00    0.68
eta[45,3]         0.01    0.02  0.98   -1.94   -0.65    0.02    0.68
eta[46,1]         0.05    0.02  1.03   -2.01   -0.65    0.08    0.73
eta[46,2]         0.04    0.02  1.01   -1.91   -0.66    0.04    0.71
eta[46,3]         0.02    0.02  0.93   -1.78   -0.61    0.02    0.66
eta[47,1]         0.02    0.02  1.00   -1.93   -0.67    0.05    0.68
eta[47,2]        -0.03    0.02  0.99   -1.99   -0.66   -0.03    0.65
eta[47,3]         0.01    0.02  1.04   -1.97   -0.70    0.02    0.73
eta[48,1]         0.23    0.02  1.01   -1.76   -0.45    0.21    0.87
eta[48,2]        -0.01    0.01  1.02   -1.98   -0.72   -0.03    0.68
eta[48,3]         0.00    0.02  0.97   -1.82   -0.64   -0.01    0.65
eta[49,1]         0.17    0.02  0.97   -1.69   -0.54    0.16    0.82
eta[49,2]        -0.01    0.02  0.98   -1.93   -0.66    0.00    0.65
eta[49,3]        -0.01    0.02  1.01   -1.92   -0.72   -0.02    0.70
eta[50,1]         0.04    0.02  1.01   -1.89   -0.62    0.05    0.70
eta[50,2]         0.00    0.02  1.02   -1.99   -0.70    0.00    0.68
eta[50,3]        -0.04    0.02  1.06   -2.17   -0.70   -0.04    0.65
eta[51,1]        -0.01    0.02  1.00   -2.00   -0.70   -0.01    0.66
eta[51,2]         0.03    0.02  1.01   -1.97   -0.66    0.05    0.73
eta[51,3]        -0.01    0.02  1.04   -1.99   -0.73    0.02    0.68
eta[52,1]         0.05    0.02  1.03   -1.94   -0.66    0.05    0.72
eta[52,2]         0.00    0.02  1.02   -2.01   -0.69   -0.01    0.70
eta[52,3]         0.01    0.02  0.98   -1.90   -0.65    0.01    0.66
eta[53,1]         0.03    0.02  0.99   -1.93   -0.64    0.05    0.71
eta[53,2]         0.02    0.02  0.99   -1.84   -0.68    0.03    0.70
eta[53,3]        -0.02    0.02  1.01   -1.99   -0.70   -0.02    0.66
eta[54,1]         0.04    0.02  1.03   -1.96   -0.64    0.01    0.72
eta[54,2]         0.04    0.02  0.99   -1.97   -0.61    0.05    0.68
eta[54,3]         0.02    0.02  1.01   -1.95   -0.67    0.02    0.69
eta[55,1]        -0.01    0.02  0.97   -1.94   -0.66   -0.02    0.68
eta[55,2]         0.04    0.02  0.99   -1.93   -0.60    0.09    0.69
eta[55,3]         0.02    0.02  1.01   -2.05   -0.64    0.02    0.70
eta[56,1]         0.00    0.02  1.00   -1.94   -0.67    0.02    0.66
eta[56,2]        -0.02    0.02  1.00   -2.02   -0.71    0.02    0.66
eta[56,3]         0.00    0.02  1.02   -1.97   -0.69   -0.01    0.71
eta[57,1]         0.00    0.02  0.99   -1.96   -0.65    0.00    0.62
eta[57,2]        -0.02    0.02  1.06   -2.12   -0.71   -0.06    0.68
eta[57,3]         0.01    0.02  0.99   -1.87   -0.69    0.02    0.68
eta[58,1]         0.00    0.02  1.01   -1.99   -0.68    0.02    0.71
eta[58,2]         0.03    0.02  1.03   -2.01   -0.67    0.02    0.74
eta[58,3]         0.01    0.02  1.02   -1.98   -0.67    0.00    0.69
eta[59,1]        -0.02    0.02  1.00   -2.07   -0.68    0.01    0.65
eta[59,2]         0.00    0.02  1.01   -2.03   -0.69    0.00    0.70
eta[59,3]        -0.01    0.02  0.98   -1.90   -0.65   -0.01    0.65
eta[60,1]         0.00    0.02  1.03   -2.12   -0.67   -0.02    0.68
eta[60,2]         0.01    0.02  1.00   -1.89   -0.69   -0.04    0.69
eta[60,3]         0.01    0.02  0.98   -1.87   -0.68    0.05    0.69
eta[61,1]         0.01    0.02  1.06   -2.03   -0.72    0.02    0.72
eta[61,2]        -0.01    0.02  0.97   -1.95   -0.68   -0.02    0.66
eta[61,3]        -0.01    0.02  1.02   -2.02   -0.70   -0.04    0.67
eta[62,1]         0.03    0.02  1.00   -1.92   -0.68    0.05    0.70
eta[62,2]        -0.02    0.02  1.01   -1.96   -0.71   -0.02    0.67
eta[62,3]         0.04    0.02  1.00   -1.83   -0.68    0.02    0.73
eta[63,1]         0.01    0.02  0.97   -1.90   -0.65    0.03    0.64
eta[63,2]        -0.01    0.02  1.00   -1.83   -0.72   -0.05    0.68
eta[63,3]        -0.03    0.02  0.97   -1.92   -0.67   -0.02    0.62
eta[64,1]        -0.03    0.02  1.01   -1.95   -0.72   -0.01    0.67
eta[64,2]         0.03    0.02  0.98   -1.86   -0.63    0.05    0.67
eta[64,3]        -0.01    0.02  1.00   -1.97   -0.70    0.00    0.69
eta[65,1]         0.00    0.02  1.03   -1.96   -0.73    0.01    0.73
eta[65,2]        -0.04    0.02  0.98   -1.96   -0.72   -0.03    0.64
eta[65,3]         0.01    0.02  0.99   -2.00   -0.63    0.02    0.67
eta[66,1]        -0.03    0.02  0.95   -1.92   -0.65   -0.05    0.62
eta[66,2]         0.02    0.02  1.01   -1.92   -0.71    0.04    0.72
eta[66,3]        -0.01    0.02  1.00   -2.00   -0.67   -0.01    0.67
eta[67,1]         0.00    0.02  1.02   -1.95   -0.70    0.01    0.71
eta[67,2]         0.01    0.02  1.02   -1.94   -0.67    0.02    0.72
eta[67,3]        -0.03    0.02  1.02   -2.01   -0.69   -0.02    0.65
eta[68,1]        -0.01    0.02  0.99   -1.95   -0.68    0.01    0.67
eta[68,2]        -0.03    0.02  0.98   -1.95   -0.71   -0.02    0.67
eta[68,3]        -0.03    0.02  1.02   -1.99   -0.73   -0.03    0.65
eta[69,1]         0.01    0.02  0.97   -1.95   -0.64    0.03    0.64
eta[69,2]        -0.02    0.02  1.02   -1.96   -0.70   -0.05    0.67
eta[69,3]        -0.01    0.02  1.00   -1.99   -0.69   -0.02    0.67
eta[70,1]         0.01    0.02  1.04   -1.95   -0.69    0.00    0.71
eta[70,2]        -0.02    0.02  1.02   -2.05   -0.68   -0.02    0.66
eta[70,3]        -0.01    0.02  0.99   -1.96   -0.68   -0.02    0.68
eta[71,1]         0.00    0.02  0.98   -1.86   -0.68   -0.02    0.69
eta[71,2]         0.01    0.02  1.00   -1.87   -0.68   -0.01    0.67
eta[71,3]        -0.01    0.01  1.02   -1.90   -0.74   -0.01    0.70
eta[72,1]        -0.06    0.02  0.97   -1.92   -0.74   -0.05    0.59
eta[72,2]        -0.01    0.02  1.04   -2.01   -0.70   -0.03    0.67
eta[72,3]        -0.01    0.02  0.99   -2.04   -0.65    0.00    0.65
eta[73,1]        -0.02    0.02  1.03   -2.07   -0.71   -0.04    0.72
eta[73,2]        -0.02    0.02  1.01   -2.06   -0.70   -0.01    0.65
eta[73,3]        -0.02    0.02  0.99   -2.01   -0.66   -0.03    0.66
eta[74,1]         0.00    0.01  0.99   -1.97   -0.64    0.01    0.64
eta[74,2]         0.01    0.02  0.99   -1.95   -0.67    0.01    0.70
eta[74,3]        -0.02    0.02  1.02   -2.04   -0.71   -0.04    0.68
eta[75,1]         0.00    0.02  0.97   -1.85   -0.65   -0.01    0.64
eta[75,2]         0.02    0.02  1.00   -2.01   -0.61    0.00    0.71
eta[75,3]         0.00    0.02  0.99   -2.01   -0.65   -0.02    0.68
eta[76,1]        -0.01    0.02  1.03   -2.00   -0.70    0.02    0.67
eta[76,2]        -0.01    0.02  1.02   -2.05   -0.68    0.00    0.67
eta[76,3]        -0.02    0.02  1.04   -2.01   -0.74   -0.03    0.68
eta[77,1]         0.00    0.02  1.01   -2.01   -0.66   -0.01    0.68
eta[77,2]         0.01    0.02  1.00   -1.89   -0.68   -0.01    0.69
eta[77,3]         0.00    0.02  1.02   -2.02   -0.70    0.02    0.70
eta[78,1]        -0.02    0.02  1.00   -1.91   -0.68   -0.01    0.66
eta[78,2]         0.01    0.02  1.00   -1.93   -0.66    0.01    0.67
eta[78,3]        -0.01    0.02  1.01   -2.02   -0.66    0.00    0.65
eta[79,1]         0.00    0.02  1.02   -2.00   -0.66   -0.02    0.70
eta[79,2]         0.00    0.02  0.96   -1.81   -0.67   -0.03    0.63
eta[79,3]         0.01    0.02  1.04   -1.99   -0.67   -0.01    0.72
eta[80,1]         0.00    0.02  0.99   -1.90   -0.66   -0.03    0.67
eta[80,2]         0.00    0.02  1.03   -1.98   -0.72   -0.01    0.67
eta[80,3]         0.00    0.02  1.02   -1.95   -0.72    0.00    0.71
eta[81,1]        -0.03    0.02  1.00   -2.01   -0.70   -0.03    0.66
eta[81,2]        -0.01    0.02  0.99   -1.98   -0.65    0.01    0.67
eta[81,3]        -0.03    0.02  0.99   -1.89   -0.70   -0.03    0.66
eta[82,1]         0.00    0.02  0.98   -1.93   -0.66   -0.03    0.66
eta[82,2]         0.01    0.02  1.01   -1.98   -0.70    0.01    0.72
eta[82,3]         0.00    0.02  0.99   -1.95   -0.71    0.00    0.72
eta[83,1]         0.00    0.02  1.04   -2.08   -0.73    0.00    0.70
eta[83,2]         0.01    0.02  0.97   -1.85   -0.65   -0.01    0.67
eta[83,3]         0.01    0.02  1.00   -1.91   -0.67    0.02    0.66
f[1]             -0.29    0.01  0.63   -1.70   -0.67   -0.24    0.13
f[2]              0.97    0.01  0.51    0.00    0.66    0.96    1.26
f[3]              0.60    0.01  0.47   -0.35    0.31    0.60    0.88
f[4]              0.38    0.01  0.64   -0.85    0.00    0.36    0.75
f[5]              0.99    0.01  0.47    0.15    0.66    0.94    1.25
f[6]              0.89    0.01  0.53   -0.01    0.54    0.84    1.20
f[7]             -0.78    0.02  0.75   -2.51   -1.22   -0.71   -0.24
f[8]              0.89    0.01  0.61   -0.13    0.49    0.81    1.21
f[9]             -0.09    0.01  0.60   -1.37   -0.43   -0.07    0.30
f[10]             0.13    0.02  0.68   -1.49   -0.22    0.19    0.55
f[11]             1.24    0.01  0.63    0.08    0.83    1.20    1.60
f[12]             0.90    0.01  0.61   -0.34    0.52    0.91    1.30
f[13]             1.02    0.01  0.49    0.08    0.70    1.02    1.32
f[14]             0.98    0.02  0.82   -0.51    0.46    0.92    1.43
f[15]             1.04    0.01  0.52    0.17    0.68    1.01    1.32
f[16]             1.47    0.02  1.02   -0.32    0.81    1.38    2.04
f[17]             1.11    0.01  0.58    0.12    0.71    1.06    1.46
f[18]             0.99    0.01  0.60   -0.12    0.58    0.95    1.36
f[19]             1.07    0.01  0.49    0.20    0.73    1.03    1.38
f[20]             0.90    0.01  0.49   -0.09    0.60    0.92    1.21
f[21]             0.91    0.02  0.75   -0.31    0.41    0.81    1.28
f[22]             0.91    0.01  0.59   -0.15    0.51    0.88    1.28
f[23]             0.77    0.01  0.63   -0.53    0.37    0.78    1.19
f[24]             1.11    0.01  0.54    0.20    0.74    1.07    1.42
f[25]             1.17    0.02  0.63    0.11    0.74    1.11    1.56
f[26]             1.04    0.01  0.51    0.11    0.70    1.03    1.36
f[27]             1.01    0.01  0.55    0.07    0.63    0.97    1.32
f[28]             0.96    0.01  0.47    0.12    0.63    0.92    1.23
f[29]             1.08    0.01  0.48    0.23    0.76    1.05    1.36
f[30]             0.97    0.01  0.51    0.07    0.63    0.93    1.27
f[31]             0.32    0.01  0.59   -0.89   -0.03    0.33    0.70
f[32]             0.07    0.01  0.61   -1.24   -0.30    0.09    0.44
f[33]            -0.29    0.01  0.71   -1.68   -0.73   -0.27    0.17
f[34]             0.27    0.01  0.53   -0.81   -0.05    0.29    0.61
f[35]             0.80    0.01  0.54   -0.11    0.45    0.76    1.10
f[36]             1.12    0.01  0.54    0.13    0.75    1.09    1.43
f[37]             1.14    0.01  0.59    0.09    0.75    1.10    1.49
f[38]             1.15    0.02  0.63    0.09    0.72    1.08    1.52
f[39]             1.14    0.02  0.81   -0.30    0.61    1.06    1.63
f[40]             0.76    0.01  0.56   -0.26    0.41    0.72    1.09
f[41]             0.81    0.02  0.68   -0.58    0.40    0.79    1.22
f[42]             0.87    0.02  0.83   -0.62    0.33    0.83    1.34
f[43]             1.49    0.02  0.99   -0.17    0.82    1.40    2.06
f[44]             0.80    0.02  1.23   -1.29    0.01    0.66    1.47
f[45]             1.11    0.02  0.79   -0.37    0.60    1.06    1.57
f[46]            -0.55    0.01  0.70   -2.04   -0.95   -0.50   -0.10
f[47]            -0.64    0.01  0.70   -2.16   -1.06   -0.58   -0.18
f[48]             1.73    0.02  0.92    0.30    1.08    1.59    2.23
f[49]             1.58    0.02  0.91    0.19    0.94    1.46    2.07
f[50]             1.73    0.02  0.92    0.32    1.07    1.62    2.25
f[51]             1.68    0.02  0.84    0.35    1.09    1.57    2.14
f[52]             1.38    0.02  0.80    0.06    0.84    1.30    1.80
f[53]             1.66    0.02  0.85    0.29    1.08    1.57    2.13
f[54]             1.19    0.02  0.75   -0.14    0.69    1.15    1.62
f[55]             1.28    0.02  0.71    0.06    0.83    1.22    1.67
f[56]             1.21    0.01  0.61    0.10    0.82    1.18    1.57
f[57]             0.82    0.01  0.58   -0.44    0.48    0.86    1.21
f[58]             0.88    0.01  0.50   -0.12    0.57    0.89    1.19
f[59]             1.00    0.01  0.70   -0.28    0.53    0.95    1.41
f[60]             1.16    0.01  0.61    0.14    0.74    1.10    1.51
f[61]             1.37    0.02  0.96   -0.13    0.71    1.24    1.85
f[62]             1.65    0.02  0.91    0.27    1.01    1.51    2.15
f[63]             0.98    0.01  0.59   -0.24    0.61    0.98    1.35
f[64]             0.99    0.01  0.53    0.03    0.63    0.95    1.32
f[65]            -0.43    0.02  0.76   -2.19   -0.85   -0.35    0.06
f[66]            -0.71    0.02  0.76   -2.49   -1.19   -0.60   -0.16
f[67]            -0.82    0.02  0.78   -2.55   -1.30   -0.72   -0.26
f[68]             1.15    0.01  0.56    0.15    0.78    1.12    1.48
f[69]             1.15    0.01  0.62    0.04    0.75    1.11    1.51
f[70]            -0.70    0.02  0.83   -2.56   -1.22   -0.59   -0.10
f[71]            -0.18    0.01  0.73   -1.63   -0.62   -0.18    0.27
f[72]            -0.68    0.02  0.85   -2.64   -1.16   -0.56   -0.09
f[73]             0.88    0.01  0.51   -0.01    0.55    0.83    1.18
f[74]             1.13    0.01  0.55    0.13    0.75    1.10    1.48
f[75]             0.97    0.02  0.56   -0.20    0.62    0.98    1.34
f[76]             0.87    0.01  0.57   -0.35    0.52    0.90    1.25
f[77]             0.99    0.01  0.48    0.01    0.69    0.98    1.29
f[78]             1.09    0.01  0.50    0.24    0.74    1.06    1.40
f[79]             0.51    0.01  0.56   -0.54    0.14    0.47    0.82
f[80]             1.63    0.02  0.95    0.18    0.97    1.49    2.15
f[81]             1.68    0.02  0.95    0.22    1.01    1.54    2.21
f[82]            -0.74    0.02  0.78   -2.59   -1.21   -0.64   -0.18
f[83]             0.65    0.03  1.30   -2.04   -0.11    0.61    1.43
y_predict[1]      0.44    0.01  0.50    0.00    0.00    0.00    1.00
y_predict[2]      0.73    0.01  0.45    0.00    0.00    1.00    1.00
y_predict[3]      0.63    0.01  0.48    0.00    0.00    1.00    1.00
y_predict[4]      0.58    0.01  0.49    0.00    0.00    1.00    1.00
y_predict[5]      0.72    0.01  0.45    0.00    0.00    1.00    1.00
y_predict[6]      0.71    0.01  0.46    0.00    0.00    1.00    1.00
y_predict[7]      0.32    0.01  0.47    0.00    0.00    0.00    1.00
y_predict[8]      0.69    0.01  0.46    0.00    0.00    1.00    1.00
y_predict[9]      0.47    0.01  0.50    0.00    0.00    0.00    1.00
y_predict[10]     0.53    0.01  0.50    0.00    0.00    1.00    1.00
y_predict[11]     0.75    0.01  0.43    0.00    0.00    1.00    1.00
y_predict[12]     0.69    0.01  0.46    0.00    0.00    1.00    1.00
y_predict[13]     0.71    0.01  0.45    0.00    0.00    1.00    1.00
y_predict[14]     0.70    0.01  0.46    0.00    0.00    1.00    1.00
y_predict[15]     0.73    0.01  0.44    0.00    0.00    1.00    1.00
y_predict[16]     0.78    0.01  0.41    0.00    1.00    1.00    1.00
y_predict[17]     0.74    0.01  0.44    0.00    0.00    1.00    1.00
y_predict[18]     0.72    0.01  0.45    0.00    0.00    1.00    1.00
y_predict[19]     0.74    0.01  0.44    0.00    0.00    1.00    1.00
y_predict[20]     0.73    0.01  0.44    0.00    0.00    1.00    1.00
y_predict[21]     0.69    0.01  0.46    0.00    0.00    1.00    1.00
y_predict[22]     0.68    0.01  0.47    0.00    0.00    1.00    1.00
y_predict[23]     0.68    0.01  0.47    0.00    0.00    1.00    1.00
y_predict[24]     0.75    0.01  0.43    0.00    0.00    1.00    1.00
y_predict[25]     0.73    0.01  0.44    0.00    0.00    1.00    1.00
y_predict[26]     0.75    0.01  0.43    0.00    1.00    1.00    1.00
y_predict[27]     0.73    0.01  0.44    0.00    0.00    1.00    1.00
y_predict[28]     0.70    0.01  0.46    0.00    0.00    1.00    1.00
y_predict[29]     0.74    0.01  0.44    0.00    0.00    1.00    1.00
y_predict[30]     0.71    0.01  0.45    0.00    0.00    1.00    1.00
y_predict[31]     0.57    0.01  0.50    0.00    0.00    1.00    1.00
y_predict[32]     0.50    0.01  0.50    0.00    0.00    1.00    1.00
y_predict[33]     0.43    0.01  0.50    0.00    0.00    0.00    1.00
y_predict[34]     0.57    0.01  0.50    0.00    0.00    1.00    1.00
y_predict[35]     0.70    0.01  0.46    0.00    0.00    1.00    1.00
y_predict[36]     0.73    0.01  0.44    0.00    0.00    1.00    1.00
y_predict[37]     0.74    0.01  0.44    0.00    0.00    1.00    1.00
y_predict[38]     0.74    0.01  0.44    0.00    0.00    1.00    1.00
y_predict[39]     0.73    0.01  0.44    0.00    0.00    1.00    1.00
y_predict[40]     0.68    0.01  0.46    0.00    0.00    1.00    1.00
y_predict[41]     0.68    0.01  0.47    0.00    0.00    1.00    1.00
y_predict[42]     0.68    0.01  0.47    0.00    0.00    1.00    1.00
y_predict[43]     0.78    0.01  0.41    0.00    1.00    1.00    1.00
y_predict[44]     0.63    0.01  0.48    0.00    0.00    1.00    1.00
y_predict[45]     0.74    0.01  0.44    0.00    0.00    1.00    1.00
y_predict[46]     0.40    0.01  0.49    0.00    0.00    0.00    1.00
y_predict[47]     0.34    0.01  0.48    0.00    0.00    0.00    1.00
y_predict[48]     0.82    0.01  0.38    0.00    1.00    1.00    1.00
y_predict[49]     0.79    0.01  0.41    0.00    1.00    1.00    1.00
y_predict[50]     0.81    0.01  0.39    0.00    1.00    1.00    1.00
y_predict[51]     0.81    0.01  0.40    0.00    1.00    1.00    1.00
y_predict[52]     0.78    0.01  0.42    0.00    1.00    1.00    1.00
y_predict[53]     0.81    0.01  0.39    0.00    1.00    1.00    1.00
y_predict[54]     0.75    0.01  0.43    0.00    1.00    1.00    1.00
y_predict[55]     0.76    0.01  0.43    0.00    1.00    1.00    1.00
y_predict[56]     0.78    0.01  0.42    0.00    1.00    1.00    1.00
y_predict[57]     0.67    0.01  0.47    0.00    0.00    1.00    1.00
y_predict[58]     0.69    0.01  0.46    0.00    0.00    1.00    1.00
y_predict[59]     0.70    0.01  0.46    0.00    0.00    1.00    1.00
y_predict[60]     0.76    0.01  0.43    0.00    1.00    1.00    1.00
y_predict[61]     0.76    0.01  0.43    0.00    1.00    1.00    1.00
y_predict[62]     0.82    0.01  0.38    0.00    1.00    1.00    1.00
y_predict[63]     0.71    0.01  0.45    0.00    0.00    1.00    1.00
y_predict[64]     0.73    0.01  0.45    0.00    0.00    1.00    1.00
y_predict[65]     0.40    0.01  0.49    0.00    0.00    0.00    1.00
y_predict[66]     0.34    0.01  0.47    0.00    0.00    0.00    1.00
y_predict[67]     0.34    0.01  0.47    0.00    0.00    0.00    1.00
y_predict[68]     0.75    0.01  0.44    0.00    0.00    1.00    1.00
y_predict[69]     0.74    0.01  0.44    0.00    0.00    1.00    1.00
y_predict[70]     0.36    0.01  0.48    0.00    0.00    0.00    1.00
y_predict[71]     0.46    0.01  0.50    0.00    0.00    0.00    1.00
y_predict[72]     0.35    0.01  0.48    0.00    0.00    0.00    1.00
y_predict[73]     0.70    0.01  0.46    0.00    0.00    1.00    1.00
y_predict[74]     0.75    0.01  0.43    0.00    1.00    1.00    1.00
y_predict[75]     0.71    0.01  0.45    0.00    0.00    1.00    1.00
y_predict[76]     0.70    0.01  0.46    0.00    0.00    1.00    1.00
y_predict[77]     0.70    0.01  0.46    0.00    0.00    1.00    1.00
y_predict[78]     0.75    0.01  0.44    0.00    0.00    1.00    1.00
y_predict[79]     0.60    0.01  0.49    0.00    0.00    1.00    1.00
y_predict[80]     0.81    0.01  0.39    0.00    1.00    1.00    1.00
y_predict[81]     0.81    0.01  0.39    0.00    1.00    1.00    1.00
y_predict[82]     0.34    0.01  0.47    0.00    0.00    0.00    1.00
y_predict[83]     0.61    0.01  0.49    0.00    0.00    1.00    1.00
f_invlogit[1]     0.43    0.00  0.14    0.15    0.34    0.44    0.53
f_invlogit[2]     0.72    0.00  0.10    0.50    0.66    0.72    0.78
f_invlogit[3]     0.64    0.00  0.10    0.41    0.58    0.65    0.71
f_invlogit[4]     0.59    0.00  0.14    0.30    0.50    0.59    0.68
f_invlogit[5]     0.72    0.00  0.09    0.54    0.66    0.72    0.78
f_invlogit[6]     0.70    0.00  0.10    0.50    0.63    0.70    0.77
f_invlogit[7]     0.33    0.00  0.14    0.08    0.23    0.33    0.44
f_invlogit[8]     0.69    0.00  0.11    0.47    0.62    0.69    0.77
f_invlogit[9]     0.48    0.00  0.13    0.20    0.39    0.48    0.57
f_invlogit[10]    0.53    0.00  0.15    0.18    0.44    0.55    0.63
f_invlogit[11]    0.76    0.00  0.10    0.52    0.70    0.77    0.83
f_invlogit[12]    0.70    0.00  0.12    0.42    0.63    0.71    0.79
f_invlogit[13]    0.72    0.00  0.09    0.52    0.67    0.73    0.79
f_invlogit[14]    0.70    0.00  0.14    0.37    0.61    0.71    0.81
f_invlogit[15]    0.73    0.00  0.09    0.54    0.66    0.73    0.79
f_invlogit[16]    0.77    0.00  0.15    0.42    0.69    0.80    0.89
f_invlogit[17]    0.74    0.00  0.10    0.53    0.67    0.74    0.81
f_invlogit[18]    0.71    0.00  0.11    0.47    0.64    0.72    0.80
f_invlogit[19]    0.73    0.00  0.09    0.55    0.68    0.74    0.80
f_invlogit[20]    0.70    0.00  0.10    0.48    0.65    0.71    0.77
f_invlogit[21]    0.69    0.00  0.13    0.42    0.60    0.69    0.78
f_invlogit[22]    0.70    0.00  0.11    0.46    0.62    0.71    0.78
f_invlogit[23]    0.67    0.00  0.13    0.37    0.59    0.69    0.77
f_invlogit[24]    0.74    0.00  0.09    0.55    0.68    0.74    0.81
f_invlogit[25]    0.75    0.00  0.11    0.53    0.68    0.75    0.83
f_invlogit[26]    0.73    0.00  0.10    0.53    0.67    0.74    0.80
f_invlogit[27]    0.72    0.00  0.10    0.52    0.65    0.72    0.79
f_invlogit[28]    0.71    0.00  0.09    0.53    0.65    0.71    0.77
f_invlogit[29]    0.74    0.00  0.09    0.56    0.68    0.74    0.80
f_invlogit[30]    0.71    0.00  0.10    0.52    0.65    0.72    0.78
f_invlogit[31]    0.58    0.00  0.13    0.29    0.49    0.58    0.67
f_invlogit[32]    0.52    0.00  0.14    0.22    0.42    0.52    0.61
f_invlogit[33]    0.44    0.00  0.15    0.16    0.33    0.43    0.54
f_invlogit[34]    0.56    0.00  0.12    0.31    0.49    0.57    0.65
f_invlogit[35]    0.68    0.00  0.11    0.47    0.61    0.68    0.75
f_invlogit[36]    0.74    0.00  0.10    0.53    0.68    0.75    0.81
f_invlogit[37]    0.74    0.00  0.10    0.52    0.68    0.75    0.82
f_invlogit[38]    0.74    0.00  0.10    0.52    0.67    0.75    0.82
f_invlogit[39]    0.73    0.00  0.14    0.43    0.65    0.74    0.84
f_invlogit[40]    0.67    0.00  0.11    0.43    0.60    0.67    0.75
f_invlogit[41]    0.68    0.00  0.14    0.36    0.60    0.69    0.77
f_invlogit[42]    0.68    0.00  0.15    0.35    0.58    0.70    0.79
f_invlogit[43]    0.78    0.00  0.14    0.46    0.69    0.80    0.89
f_invlogit[44]    0.65    0.00  0.21    0.22    0.50    0.66    0.81
f_invlogit[45]    0.73    0.00  0.14    0.41    0.64    0.74    0.83
f_invlogit[46]    0.38    0.00  0.14    0.11    0.28    0.38    0.48
f_invlogit[47]    0.36    0.00  0.14    0.10    0.26    0.36    0.46
f_invlogit[48]    0.82    0.00  0.11    0.58    0.75    0.83    0.90
f_invlogit[49]    0.80    0.00  0.12    0.55    0.72    0.81    0.89
f_invlogit[50]    0.82    0.00  0.11    0.58    0.74    0.83    0.90
f_invlogit[51]    0.82    0.00  0.10    0.59    0.75    0.83    0.89
f_invlogit[52]    0.77    0.00  0.12    0.52    0.70    0.79    0.86
f_invlogit[53]    0.81    0.00  0.11    0.57    0.75    0.83    0.89
f_invlogit[54]    0.74    0.00  0.12    0.46    0.67    0.76    0.83
f_invlogit[55]    0.76    0.00  0.11    0.52    0.70    0.77    0.84
f_invlogit[56]    0.76    0.00  0.10    0.52    0.69    0.76    0.83
f_invlogit[57]    0.68    0.00  0.12    0.39    0.62    0.70    0.77
f_invlogit[58]    0.70    0.00  0.10    0.47    0.64    0.71    0.77
f_invlogit[59]    0.71    0.00  0.13    0.43    0.63    0.72    0.80
f_invlogit[60]    0.75    0.00  0.10    0.53    0.68    0.75    0.82
f_invlogit[61]    0.76    0.00  0.14    0.47    0.67    0.78    0.86
f_invlogit[62]    0.81    0.00  0.11    0.57    0.73    0.82    0.90
f_invlogit[63]    0.71    0.00  0.11    0.44    0.65    0.73    0.79
f_invlogit[64]    0.72    0.00  0.10    0.51    0.65    0.72    0.79
f_invlogit[65]    0.41    0.00  0.16    0.10    0.30    0.41    0.52
f_invlogit[66]    0.35    0.00  0.15    0.08    0.23    0.35    0.46
f_invlogit[67]    0.33    0.00  0.15    0.07    0.21    0.33    0.44
f_invlogit[68]    0.75    0.00  0.10    0.54    0.69    0.75    0.81
f_invlogit[69]    0.74    0.00  0.11    0.51    0.68    0.75    0.82
f_invlogit[70]    0.35    0.00  0.16    0.07    0.23    0.36    0.47
f_invlogit[71]    0.46    0.00  0.16    0.16    0.35    0.46    0.57
f_invlogit[72]    0.36    0.00  0.16    0.07    0.24    0.36    0.48
f_invlogit[73]    0.70    0.00  0.10    0.50    0.63    0.70    0.76
f_invlogit[74]    0.74    0.00  0.10    0.53    0.68    0.75    0.81
f_invlogit[75]    0.71    0.00  0.11    0.45    0.65    0.73    0.79
f_invlogit[76]    0.69    0.00  0.12    0.41    0.63    0.71    0.78
f_invlogit[77]    0.72    0.00  0.09    0.50    0.67    0.73    0.78
f_invlogit[78]    0.74    0.00  0.09    0.56    0.68    0.74    0.80
f_invlogit[79]    0.62    0.00  0.12    0.37    0.54    0.62    0.69
f_invlogit[80]    0.80    0.00  0.12    0.54    0.73    0.82    0.90
f_invlogit[81]    0.81    0.00  0.12    0.56    0.73    0.82    0.90
f_invlogit[82]    0.35    0.00  0.15    0.07    0.23    0.35    0.46
f_invlogit[83]    0.62    0.01  0.23    0.12    0.47    0.65    0.81
log_y_new[1]     -0.36    0.00  0.20   -0.84   -0.46   -0.33   -0.22
log_y_new[2]     -0.31    0.00  0.15   -0.67   -0.39   -0.28   -0.20
log_y_new[3]     -0.29    0.00  0.15   -0.65   -0.36   -0.26   -0.18
log_y_new[4]     -0.58    0.02  0.56   -2.16   -0.75   -0.44   -0.21
log_y_new[5]     -0.38    0.01  0.24   -0.98   -0.49   -0.34   -0.21
log_y_new[6]     -0.30    0.00  0.14   -0.63   -0.39   -0.29   -0.20
log_y_new[7]     -0.24    0.00  0.15   -0.60   -0.33   -0.21   -0.12
log_y_new[8]     -0.81    0.01  0.34   -1.49   -1.00   -0.79   -0.59
log_y_new[9]     -0.28    0.00  0.16   -0.66   -0.36   -0.26   -0.17
log_y_new[10]    -0.43    0.01  0.24   -0.93   -0.57   -0.40   -0.24
log_y_new[11]    -1.39    0.01  0.37   -2.25   -1.61   -1.34   -1.13
log_y_new[12]    -0.31    0.00  0.13   -0.58   -0.39   -0.30   -0.22
log_y_new[13]    -0.67    0.01  0.35   -1.50   -0.84   -0.61   -0.43
log_y_new[14]    -0.31    0.00  0.12   -0.59   -0.38   -0.30   -0.23
log_y_new[15]    -0.28    0.01  0.25   -0.86   -0.37   -0.22   -0.12
lp__           -168.23    0.44 12.05 -193.92 -175.66 -167.69 -159.90
                 97.5% n_eff Rhat
alpha[1]          2.31  1379    1
alpha[2]          2.29  4055    1
alpha[3]          2.24  2414    1
rho[1]            2.21  1024    1
rho[2]            2.29  2674    1
rho[3]            2.18  2042    1
sigma            11.67  3055    1
eta[1,1]          0.91  1390    1
eta[1,2]          1.93  3173    1
eta[1,3]          1.92  3117    1
eta[2,1]          2.72  1202    1
eta[2,2]          1.92  3538    1
eta[2,3]          2.08  3046    1
eta[3,1]          1.44  2270    1
eta[3,2]          1.87  3005    1
eta[3,3]          1.95  2469    1
eta[4,1]          1.46  2083    1
eta[4,2]          1.91  3418    1
eta[4,3]          1.93  2846    1
eta[5,1]          2.00  2391    1
eta[5,2]          1.92  2666    1
eta[5,3]          1.88  3099    1
eta[6,1]          1.74  2575    1
eta[6,2]          1.94  3148    1
eta[6,3]          1.90  2840    1
eta[7,1]          1.33  2718    1
eta[7,2]          1.82  2828    1
eta[7,3]          1.96  3108    1
eta[8,1]          2.54  2529    1
eta[8,2]          1.93  3064    1
eta[8,3]          1.92  3845    1
eta[9,1]          2.25  3093    1
eta[9,2]          1.84  2806    1
eta[9,3]          2.02  2506    1
eta[10,1]         2.09  2931    1
eta[10,2]         1.76  2608    1
eta[10,3]         1.92  3451    1
eta[11,1]         2.35  1764    1
eta[11,2]         2.00  3253    1
eta[11,3]         1.93  3723    1
eta[12,1]         1.68  3039    1
eta[12,2]         1.96  2460    1
eta[12,3]         1.88  2986    1
eta[13,1]         1.40  2978    1
eta[13,2]         2.03  2862    1
eta[13,3]         1.89  3340    1
eta[14,1]         2.09  2284    1
eta[14,2]         1.85  3297    1
eta[14,3]         1.99  3852    1
eta[15,1]         2.17  2584    1
eta[15,2]         2.13  3961    1
eta[15,3]         2.02  2528    1
eta[16,1]         2.25  3490    1
eta[16,2]         1.86  2930    1
eta[16,3]         1.98  2875    1
eta[17,1]         2.13  2953    1
eta[17,2]         1.98  3202    1
eta[17,3]         1.88  3447    1
eta[18,1]         1.88  2979    1
eta[18,2]         1.89  3926    1
eta[18,3]         2.04  4057    1
eta[19,1]         2.06  3063    1
eta[19,2]         1.95  3497    1
eta[19,3]         2.00  2629    1
eta[20,1]         1.74  2938    1
eta[20,2]         2.00  3244    1
eta[20,3]         1.98  2851    1
eta[21,1]         1.91  2716    1
eta[21,2]         1.97  3728    1
eta[21,3]         1.88  2156    1
eta[22,1]         2.05  3109    1
eta[22,2]         1.98  2744    1
eta[22,3]         1.91  3260    1
eta[23,1]         1.95  2720    1
eta[23,2]         1.91  3994    1
eta[23,3]         1.98  4044    1
eta[24,1]         1.99  2764    1
eta[24,2]         2.01  3233    1
eta[24,3]         1.96  2634    1
eta[25,1]         1.98  2707    1
eta[25,2]         1.95  3040    1
eta[25,3]         2.07  3044    1
eta[26,1]         1.99  3037    1
eta[26,2]         2.07  3388    1
eta[26,3]         2.05  2530    1
eta[27,1]         1.69  3009    1
eta[27,2]         1.91  2406    1
eta[27,3]         2.06  3615    1
eta[28,1]         1.85  2792    1
eta[28,2]         2.20  3906    1
eta[28,3]         1.91  2939    1
eta[29,1]         1.89  2611    1
eta[29,2]         2.05  3255    1
eta[29,3]         1.94  2757    1
eta[30,1]         2.12  3276    1
eta[30,2]         1.87  3006    1
eta[30,3]         2.05  4155    1
eta[31,1]         1.90  3125    1
eta[31,2]         2.06  3107    1
eta[31,3]         1.98  3441    1
eta[32,1]         1.94  3029    1
eta[32,2]         1.92  4011    1
eta[32,3]         1.90  2891    1
eta[33,1]         1.95  2550    1
eta[33,2]         2.02  3341    1
eta[33,3]         1.81  3466    1
eta[34,1]         1.94  2839    1
eta[34,2]         1.95  2324    1
eta[34,3]         1.86  2582    1
eta[35,1]         1.91  3105    1
eta[35,2]         1.91  3006    1
eta[35,3]         1.90  2964    1
eta[36,1]         1.83  3802    1
eta[36,2]         2.00  2836    1
eta[36,3]         1.96  2550    1
eta[37,1]         2.21  2252    1
eta[37,2]         1.95  3260    1
eta[37,3]         1.95  3165    1
eta[38,1]         2.16  3143    1
eta[38,2]         1.95  2870    1
eta[38,3]         1.87  2289    1
eta[39,1]         2.09  2639    1
eta[39,2]         1.96  2794    1
eta[39,3]         1.91  2386    1
eta[40,1]         1.97  2963    1
eta[40,2]         1.86  3014    1
eta[40,3]         1.85  3806    1
eta[41,1]         1.89  3151    1
eta[41,2]         1.79  3009    1
eta[41,3]         1.93  2900    1
eta[42,1]         2.11  3662    1
eta[42,2]         2.01  3083    1
eta[42,3]         1.97  3987    1
eta[43,1]         2.07  3039    1
eta[43,2]         1.99  2678    1
eta[43,3]         1.93  3258    1
eta[44,1]         2.23  2427    1
eta[44,2]         1.80  2945    1
eta[44,3]         1.92  3157    1
eta[45,1]         1.89  3141    1
eta[45,2]         1.92  3928    1
eta[45,3]         1.95  3858    1
eta[46,1]         2.01  2885    1
eta[46,2]         2.09  3581    1
eta[46,3]         1.89  3527    1
eta[47,1]         2.01  4060    1
eta[47,2]         1.84  2265    1
eta[47,3]         2.00  4722    1
eta[48,1]         2.26  2459    1
eta[48,2]         2.02  4762    1
eta[48,3]         1.99  3951    1
eta[49,1]         2.06  2097    1
eta[49,2]         1.94  3954    1
eta[49,3]         1.97  2864    1
eta[50,1]         1.97  2984    1
eta[50,2]         1.97  4237    1
eta[50,3]         2.09  2702    1
eta[51,1]         1.90  2783    1
eta[51,2]         1.98  3184    1
eta[51,3]         2.00  3116    1
eta[52,1]         2.08  3016    1
eta[52,2]         1.97  3516    1
eta[52,3]         1.88  3320    1
eta[53,1]         1.96  3282    1
eta[53,2]         1.92  3312    1
eta[53,3]         1.90  3494    1
eta[54,1]         2.01  3063    1
eta[54,2]         1.98  2761    1
eta[54,3]         2.00  2409    1
eta[55,1]         1.82  3052    1
eta[55,2]         1.89  2830    1
eta[55,3]         1.98  2715    1
eta[56,1]         1.96  2519    1
eta[56,2]         2.03  2416    1
eta[56,3]         2.03  3638    1
eta[57,1]         1.92  3713    1
eta[57,2]         2.07  2916    1
eta[57,3]         1.99  2642    1
eta[58,1]         1.94  2611    1
eta[58,2]         2.03  2278    1
eta[58,3]         1.98  3207    1
eta[59,1]         1.91  2918    1
eta[59,2]         1.97  3801    1
eta[59,3]         1.97  3492    1
eta[60,1]         2.01  3010    1
eta[60,2]         2.01  2461    1
eta[60,3]         1.84  4071    1
eta[61,1]         2.12  3616    1
eta[61,2]         1.85  3078    1
eta[61,3]         2.02  2884    1
eta[62,1]         1.93  3065    1
eta[62,2]         1.90  4021    1
eta[62,3]         1.97  3939    1
eta[63,1]         1.96  3435    1
eta[63,2]         1.96  3310    1
eta[63,3]         1.89  3145    1
eta[64,1]         1.90  3202    1
eta[64,2]         1.93  2626    1
eta[64,3]         1.86  2895    1
eta[65,1]         1.99  4231    1
eta[65,2]         1.84  2670    1
eta[65,3]         1.92  2758    1
eta[66,1]         1.84  2480    1
eta[66,2]         2.03  2642    1
eta[66,3]         1.94  3252    1
eta[67,1]         1.90  2928    1
eta[67,2]         1.94  2788    1
eta[67,3]         1.96  3174    1
eta[68,1]         1.89  3357    1
eta[68,2]         1.90  2504    1
eta[68,3]         1.97  3279    1
eta[69,1]         1.91  3440    1
eta[69,2]         2.01  3013    1
eta[69,3]         1.91  2978    1
eta[70,1]         2.03  3616    1
eta[70,2]         1.97  3453    1
eta[70,3]         1.92  2887    1
eta[71,1]         1.96  3160    1
eta[71,2]         1.93  2863    1
eta[71,3]         1.96  5000    1
eta[72,1]         1.83  3551    1
eta[72,2]         2.02  3010    1
eta[72,3]         1.91  2294    1
eta[73,1]         1.98  2710    1
eta[73,2]         1.94  2771    1
eta[73,3]         1.92  3754    1
eta[74,1]         2.06  5112    1
eta[74,2]         1.92  3938    1
eta[74,3]         2.00  3089    1
eta[75,1]         1.91  3270    1
eta[75,2]         1.90  3514    1
eta[75,3]         1.94  3567    1
eta[76,1]         1.96  3111    1
eta[76,2]         2.04  2688    1
eta[76,3]         2.07  3396    1
eta[77,1]         1.95  2918    1
eta[77,2]         1.94  4199    1
eta[77,3]         1.91  3289    1
eta[78,1]         1.93  2723    1
eta[78,2]         1.94  3220    1
eta[78,3]         1.88  3703    1
eta[79,1]         2.01  2981    1
eta[79,2]         1.89  3114    1
eta[79,3]         2.12  2661    1
eta[80,1]         1.94  3424    1
eta[80,2]         2.02  3960    1
eta[80,3]         1.94  3053    1
eta[81,1]         1.96  3610    1
eta[81,2]         1.93  3079    1
eta[81,3]         1.84  2553    1
eta[82,1]         1.89  3043    1
eta[82,2]         1.98  2641    1
eta[82,3]         1.87  2893    1
eta[83,1]         2.03  2824    1
eta[83,2]         1.95  2583    1
eta[83,3]         1.97  3225    1
f[1]              0.77  2081    1
f[2]              2.04  1923    1
f[3]              1.58  2470    1
f[4]              1.70  2884    1
f[5]              2.09  1907    1
f[6]              2.03  2325    1
f[7]              0.44  1996    1
f[8]              2.35  1789    1
f[9]              1.03  3441    1
f[10]             1.23  1730    1
f[11]             2.64  2121    1
f[12]             2.10  2236    1
f[13]             2.03  1676    1
f[14]             2.75  2033    1
f[15]             2.24  1638    1
f[16]             3.68  2351    1
f[17]             2.35  1864    1
f[18]             2.23  2556    1
f[19]             2.14  1748    1
f[20]             1.85  1860    1
f[21]             2.64  1746    1
f[22]             2.17  2692    1
f[23]             2.01  2406    1
f[24]             2.36  1603    1
f[25]             2.57  1748    1
f[26]             2.11  1859    1
f[27]             2.25  1896    1
f[28]             2.06  2007    1
f[29]             2.09  1924    1
f[30]             2.15  2064    1
f[31]             1.46  2265    1
f[32]             1.27  2771    1
f[33]             1.09  2843    1
f[34]             1.31  2723    1
f[35]             2.12  1775    1
f[36]             2.31  1769    1
f[37]             2.40  1677    1
f[38]             2.54  1628    1
f[39]             2.89  2066    1
f[40]             1.90  2256    1
f[41]             2.21  1974    1
f[42]             2.54  2669    1
f[43]             3.69  2010    1
f[44]             3.69  2578    1
f[45]             2.74  2251    1
f[46]             0.74  2694    1
f[47]             0.55  2208    1
f[48]             3.86  1749    1
f[49]             3.77  1679    1
f[50]             3.80  1856    1
f[51]             3.61  1755    1
f[52]             3.27  1856    1
f[53]             3.61  1843    1
f[54]             2.88  2156    1
f[55]             2.86  2037    1
f[56]             2.56  2069    1
f[57]             1.92  1831    1
f[58]             1.88  2105    1
f[59]             2.51  2274    1
f[60]             2.53  1724    1
f[61]             3.64  1951    1
f[62]             3.85  1608    1
f[63]             2.16  2165    1
f[64]             2.12  2270    1
f[65]             0.87  1955    1
f[66]             0.52  1595    1
f[67]             0.44  1733    1
f[68]             2.33  1706    1
f[69]             2.54  1861    1
f[70]             0.63  1586    1
f[71]             1.25  2840    1
f[72]             0.78  2098    1
f[73]             2.00  2381    1
f[74]             2.32  1692    1
f[75]             2.09  1321    1
f[76]             1.95  1809    1
f[77]             1.92  1550    1
f[78]             2.18  1746    1
f[79]             1.71  2756    1
f[80]             3.84  1642    1
f[81]             3.91  1643    1
f[82]             0.51  1582    1
f[83]             3.37  1689    1
y_predict[1]      1.00  2100    1
y_predict[2]      1.00  1781    1
y_predict[3]      1.00  1944    1
y_predict[4]      1.00  1905    1
y_predict[5]      1.00  1987    1
y_predict[6]      1.00  1906    1
y_predict[7]      1.00  1612    1
y_predict[8]      1.00  2089    1
y_predict[9]      1.00  2068    1
y_predict[10]     1.00  1943    1
y_predict[11]     1.00  2110    1
y_predict[12]     1.00  1992    1
y_predict[13]     1.00  1959    1
y_predict[14]     1.00  2080    1
y_predict[15]     1.00  1938    1
y_predict[16]     1.00  1884    1
y_predict[17]     1.00  1913    1
y_predict[18]     1.00  1959    1
y_predict[19]     1.00  2002    1
y_predict[20]     1.00  1968    1
y_predict[21]     1.00  2058    1
y_predict[22]     1.00  1759    1
y_predict[23]     1.00  1699    1
y_predict[24]     1.00  2152    1
y_predict[25]     1.00  2145    1
y_predict[26]     1.00  1918    1
y_predict[27]     1.00  1925    1
y_predict[28]     1.00  2082    1
y_predict[29]     1.00  2184    1
y_predict[30]     1.00  1865    1
y_predict[31]     1.00  1941    1
y_predict[32]     1.00  1932    1
y_predict[33]     1.00  2196    1
y_predict[34]     1.00  2131    1
y_predict[35]     1.00  2034    1
y_predict[36]     1.00  1783    1
y_predict[37]     1.00  1891    1
y_predict[38]     1.00  2016    1
y_predict[39]     1.00  1784    1
y_predict[40]     1.00  1932    1
y_predict[41]     1.00  2130    1
y_predict[42]     1.00  2042    1
y_predict[43]     1.00  1931    1
y_predict[44]     1.00  1762    1
y_predict[45]     1.00  1931    1
y_predict[46]     1.00  1815    1
y_predict[47]     1.00  2004    1
y_predict[48]     1.00  1996    1
y_predict[49]     1.00  2120    1
y_predict[50]     1.00  1879    1
y_predict[51]     1.00  2006    1
y_predict[52]     1.00  2083    1
y_predict[53]     1.00  1990    1
y_predict[54]     1.00  1944    1
y_predict[55]     1.00  2111    1
y_predict[56]     1.00  2006    1
y_predict[57]     1.00  2043    1
y_predict[58]     1.00  1958    1
y_predict[59]     1.00  2083    1
y_predict[60]     1.00  2010    1
y_predict[61]     1.00  1819    1
y_predict[62]     1.00  2064    1
y_predict[63]     1.00  1975    1
y_predict[64]     1.00  1826    1
y_predict[65]     1.00  1962    1
y_predict[66]     1.00  1936    1
y_predict[67]     1.00  1928    1
y_predict[68]     1.00  1860    1
y_predict[69]     1.00  1905    1
y_predict[70]     1.00  1921    1
y_predict[71]     1.00  2121    1
y_predict[72]     1.00  2158    1
y_predict[73]     1.00  1757    1
y_predict[74]     1.00  2052    1
y_predict[75]     1.00  1819    1
y_predict[76]     1.00  1830    1
y_predict[77]     1.00  1871    1
y_predict[78]     1.00  2099    1
y_predict[79]     1.00  2073    1
y_predict[80]     1.00  2082    1
y_predict[81]     1.00  2032    1
y_predict[82]     1.00  1994    1
y_predict[83]     1.00  2044    1
f_invlogit[1]     0.68  2066    1
f_invlogit[2]     0.88  1842    1
f_invlogit[3]     0.83  2405    1
f_invlogit[4]     0.85  2944    1
f_invlogit[5]     0.89  1837    1
f_invlogit[6]     0.88  2454    1
f_invlogit[7]     0.61  1774    1
f_invlogit[8]     0.91  1912    1
f_invlogit[9]     0.74  2904    1
f_invlogit[10]    0.77  1699    1
f_invlogit[11]    0.93  1979    1
f_invlogit[12]    0.89  2177    1
f_invlogit[13]    0.88  1571    1
f_invlogit[14]    0.94  1871    1
f_invlogit[15]    0.90  1598    1
f_invlogit[16]    0.98  1807    1
f_invlogit[17]    0.91  1786    1
f_invlogit[18]    0.90  2483    1
f_invlogit[19]    0.89  1670    1
f_invlogit[20]    0.86  1638    1
f_invlogit[21]    0.93  1867    1
f_invlogit[22]    0.90  2853    1
f_invlogit[23]    0.88  2326    1
f_invlogit[24]    0.91  1541    1
f_invlogit[25]    0.93  1644    1
f_invlogit[26]    0.89  1724    1
f_invlogit[27]    0.90  1776    1
f_invlogit[28]    0.89  1916    1
f_invlogit[29]    0.89  1812    1
f_invlogit[30]    0.90  1895    1
f_invlogit[31]    0.81  2253    1
f_invlogit[32]    0.78  2824    1
f_invlogit[33]    0.75  2765    1
f_invlogit[34]    0.79  2717    1
f_invlogit[35]    0.89  1812    1
f_invlogit[36]    0.91  1606    1
f_invlogit[37]    0.92  1418    1
f_invlogit[38]    0.93  1604    1
f_invlogit[39]    0.95  1793    1
f_invlogit[40]    0.87  2063    1
f_invlogit[41]    0.90  1909    1
f_invlogit[42]    0.93  2619    1
f_invlogit[43]    0.98  1975    1
f_invlogit[44]    0.98  2765    1
f_invlogit[45]    0.94  2075    1
f_invlogit[46]    0.68  2540    1
f_invlogit[47]    0.63  2001    1
f_invlogit[48]    0.98  1503    1
f_invlogit[49]    0.98  1659    1
f_invlogit[50]    0.98  1547    1
f_invlogit[51]    0.97  1658    1
f_invlogit[52]    0.96  1832    1
f_invlogit[53]    0.97  1712    1
f_invlogit[54]    0.95  2097    1
f_invlogit[55]    0.95  1960    1
f_invlogit[56]    0.93  1913    1
f_invlogit[57]    0.87  1814    1
f_invlogit[58]    0.87  1966    1
f_invlogit[59]    0.92  2433    1
f_invlogit[60]    0.93  1618    1
f_invlogit[61]    0.97  2053    1
f_invlogit[62]    0.98  1545    1
f_invlogit[63]    0.90  2076    1
f_invlogit[64]    0.89  2230    1
f_invlogit[65]    0.70  1893    1
f_invlogit[66]    0.63  1437    1
f_invlogit[67]    0.61  1558    1
f_invlogit[68]    0.91  1553    1
f_invlogit[69]    0.93  1690    1
f_invlogit[70]    0.65  1489    1
f_invlogit[71]    0.78  2883    1
f_invlogit[72]    0.69  2094    1
f_invlogit[73]    0.88  2398    1
f_invlogit[74]    0.91  1558    1
f_invlogit[75]    0.89  1147    1
f_invlogit[76]    0.88  1781    1
f_invlogit[77]    0.87  1317    1
f_invlogit[78]    0.90  1641    1
f_invlogit[79]    0.85  2809    1
f_invlogit[80]    0.98  1607    1
f_invlogit[81]    0.98  1549    1
f_invlogit[82]    0.62  1431    1
f_invlogit[83]    0.97  1637    1
log_y_new[1]     -0.08  2392    1
log_y_new[2]     -0.08  1612    1
log_y_new[3]     -0.07  1842    1
log_y_new[4]     -0.03  1351    1
log_y_new[5]     -0.06  1807    1
log_y_new[6]     -0.08  1567    1
log_y_new[7]     -0.02  1640    1
log_y_new[8]     -0.20  1817    1
log_y_new[9]     -0.06  1838    1
log_y_new[10]    -0.07  1459    1
log_y_new[11]    -0.80  1794    1
log_y_new[12]    -0.11  1578    1
log_y_new[13]    -0.18  2540    1
log_y_new[14]    -0.12  1756    1
log_y_new[15]    -0.02  1634    1
lp__           -145.66   746    1

Samples were drawn using NUTS(diag_e) at Thu Dec  1 20:57:49 2022.
For each parameter, n_eff is a crude measure of effective sample size,
and Rhat is the potential scale reduction factor on split chains (at 
convergence, Rhat=1).
