Inference for Stan model: Hier_model_TP
4 chains, each with iter=15000; warmup=7500; thin=1; 
post-warmup draws per chain=7500, total post-warmup draws=30000.

                  mean se_mean     sd    2.5%     25%     50%    75%  97.5% n_eff Rhat
beta0[1]          1.51    0.02   1.97   -2.64    0.53    1.47   2.51   5.64  7893 1.00
beta0[2]          2.64    0.08   2.22   -0.48    1.24    2.12   3.56   8.30   774 1.00
beta0[3]          0.72    0.03   1.78   -3.56   -0.10    0.96   1.76   3.78  3726 1.00
beta0[4]          3.64    0.16   2.62    0.33    1.76    2.99   4.91  10.34   280 1.01
beta0[5]          2.72    0.09   2.28   -0.41    1.29    2.20   3.65   8.57   615 1.01
beta0[6]          2.80    0.10   2.31   -0.36    1.34    2.26   3.76   8.64   584 1.01
beta0[7]          2.14    0.05   2.49   -2.32    0.83    1.81   3.17   8.11  2154 1.00
beta0[8]          3.01    0.11   2.39   -0.22    1.43    2.42   4.07   9.14   463 1.01
beta0[9]          3.96    0.17   2.78    0.49    1.91    3.28   5.37  10.98   257 1.01
beta0[10]         1.07    0.02   1.84   -3.15    0.21    1.20   2.07   4.57 11777 1.00
beta0[11]         2.31    0.06   2.34   -1.49    0.96    1.89   3.31   8.15  1388 1.00
beta0[12]         2.14    0.05   2.44   -2.28    0.84    1.81   3.20   8.01  2197 1.00
beta0[13]        -0.52    0.12   2.23   -5.85   -1.75   -0.08   1.11   2.68   360 1.01
beta0[14]         2.77    0.09   2.35   -0.54    1.29    2.23   3.78   8.78   671 1.00
beta0[15]         2.76    0.09   2.28   -0.40    1.30    2.21   3.74   8.51   648 1.01
beta0[16]         2.13    0.05   2.47   -2.32    0.86    1.80   3.16   8.09  2468 1.00
beta0[17]        -0.45    0.11   2.22   -5.88   -1.66    0.04   1.14   2.73   395 1.01
beta0[18]         2.54    0.08   2.32   -0.92    1.12    2.05   3.50   8.40   873 1.00
beta0[19]        -0.12    0.09   2.05   -4.93   -1.20    0.29   1.28   2.88   529 1.01
beta0[20]         2.11    0.05   2.44   -2.38    0.86    1.79   3.16   7.89  2175 1.00
beta0[21]         3.09    0.12   2.46   -0.19    1.46    2.48   4.18   9.36   426 1.01
beta0[22]         2.12    0.05   2.48   -2.27    0.84    1.80   3.15   8.11  2483 1.00
beta0[23]         2.14    0.05   2.49   -2.33    0.84    1.81   3.20   8.07  2419 1.00
beta0[24]         2.64    0.08   2.29   -0.66    1.21    2.13   3.59   8.42   770 1.00
beta0[25]         2.14    0.05   2.48   -2.27    0.83    1.79   3.18   8.23  2092 1.00
beta0[26]         2.41    0.07   2.33   -1.23    1.06    1.95   3.39   8.30  1159 1.00
beta0[27]         2.77    0.09   2.28   -0.35    1.31    2.25   3.69   8.62   622 1.01
beta0[28]         2.76    0.09   2.27   -0.35    1.30    2.22   3.70   8.53   619 1.00
beta0[29]         2.56    0.07   2.28   -0.75    1.17    2.07   3.47   8.34   974 1.00
beta0[30]         2.74    0.09   2.27   -0.39    1.29    2.21   3.70   8.63   626 1.01
beta0[31]         3.29    0.12   2.42    0.19    1.62    2.69   4.40   9.36   380 1.01
beta0[32]         1.30    0.02   1.89   -2.84    0.41    1.34   2.27   5.09 12237 1.00
beta0[33]         2.12    0.05   2.43   -2.30    0.85    1.80   3.17   7.95  2058 1.00
beta0[34]         3.57    0.15   2.50    0.39    1.77    2.96   4.80   9.81   291 1.01
beta0[35]         3.16    0.12   2.37    0.07    1.54    2.57   4.21   9.28   420 1.01
beta0[36]         2.47    0.07   2.28   -0.94    1.10    1.99   3.42   8.26  1046 1.00
beta0[37]        -0.29    0.10   2.07   -5.15   -1.42    0.12   1.17   2.75   401 1.01
beta0[38]         2.55    0.08   2.29   -0.89    1.15    2.06   3.52   8.37   866 1.00
beta0[39]         2.35    0.06   2.34   -1.43    1.01    1.93   3.32   8.08  1359 1.00
beta0[40]         0.52    0.04   1.82   -3.82   -0.35    0.79   1.62   3.53  1676 1.00
beta0[41]         2.14    0.05   2.46   -2.22    0.85    1.80   3.17   7.82  2215 1.00
beta0[42]         2.65    0.08   2.32   -0.75    1.20    2.13   3.65   8.53   873 1.00
beta0[43]         2.30    0.06   2.36   -1.63    0.98    1.91   3.33   7.91  1701 1.00
beta0[44]         2.22    0.05   2.43   -2.10    0.91    1.86   3.24   8.15  2030 1.00
beta0[45]         2.11    0.05   2.46   -2.33    0.84    1.80   3.16   7.95  2588 1.00
beta0[46]         1.81    0.04   2.19   -2.43    0.71    1.64   2.83   6.75  3772 1.00
beta0[47]         2.13    0.05   2.47   -2.33    0.83    1.81   3.18   8.01  2803 1.00
beta0[48]         2.29    0.06   2.34   -1.59    0.97    1.90   3.26   8.10  1701 1.00
beta0[49]         2.44    0.07   2.36   -1.30    1.07    1.99   3.42   8.32  1237 1.00
beta0[50]         2.28    0.06   2.35   -1.68    0.97    1.89   3.27   8.17  1639 1.00
beta0[51]         2.28    0.06   2.40   -1.76    0.93    1.89   3.29   8.23  1790 1.00
beta0[52]         2.33    0.06   2.35   -1.51    1.00    1.91   3.30   8.22  1447 1.00
beta0[53]         2.23    0.05   2.41   -1.90    0.90    1.84   3.23   8.18  2086 1.00
beta0[54]         2.36    0.07   2.32   -1.37    1.02    1.95   3.34   8.14  1257 1.00
beta0[55]         2.33    0.06   2.37   -1.52    0.99    1.92   3.30   8.37  1405 1.00
beta0[56]         2.29    0.06   2.34   -1.56    0.97    1.88   3.28   8.15  1618 1.00
beta0[57]        -0.37    0.11   2.20   -5.67   -1.53    0.08   1.19   2.76   420 1.01
beta0[58]         2.47    0.07   2.30   -1.04    1.08    2.01   3.44   8.28   958 1.00
beta0[59]         2.52    0.08   2.33   -1.02    1.12    2.04   3.47   8.43   925 1.00
beta0[60]         2.52    0.08   2.26   -0.88    1.14    2.04   3.50   8.26   882 1.01
beta0[61]         2.56    0.08   2.32   -0.95    1.15    2.09   3.55   8.26   944 1.00
beta0[62]         2.39    0.07   2.33   -1.32    1.04    1.96   3.36   8.31  1226 1.00
beta0[63]         2.40    0.06   2.33   -1.30    1.02    1.94   3.40   8.17  1308 1.00
beta0[64]         2.58    0.08   2.29   -0.85    1.18    2.09   3.56   8.25   845 1.00
beta0[65]         2.13    0.05   2.49   -2.36    0.83    1.80   3.20   8.06  2415 1.00
beta0[66]         1.81    0.03   2.18   -2.43    0.71    1.65   2.80   6.76  4138 1.00
beta0[67]         1.89    0.04   2.25   -2.49    0.74    1.69   2.91   6.99  3223 1.00
beta0[68]         2.11    0.05   2.46   -2.42    0.83    1.78   3.15   7.89  2560 1.00
beta0[69]         2.14    0.05   2.49   -2.31    0.84    1.81   3.15   8.10  2486 1.00
beta0[70]         1.79    0.04   2.17   -2.52    0.68    1.64   2.80   6.64  3717 1.00
beta0[71]         1.59    0.02   2.06   -2.62    0.59    1.52   2.57   6.03  6856 1.00
beta0[72]         1.94    0.04   2.34   -2.54    0.77    1.69   2.95   7.40  3669 1.00
beta0[73]         2.86    0.10   2.31   -0.31    1.36    2.31   3.86   8.79   550 1.01
beta0[74]         2.37    0.06   2.27   -1.26    1.02    1.94   3.32   8.10  1346 1.00
beta0[75]         2.34    0.06   2.33   -1.35    1.00    1.91   3.30   8.08  1324 1.00
beta0[76]         2.40    0.06   2.30   -1.19    1.07    1.96   3.34   8.24  1268 1.00
beta0[77]        -0.42    0.11   2.18   -5.68   -1.61    0.04   1.13   2.67   395 1.01
beta0[78]         2.51    0.07   2.29   -0.97    1.14    2.02   3.47   8.36  1018 1.00
beta0[79]         1.04    0.02   1.89   -3.33    0.18    1.20   2.07   4.58  6409 1.00
beta0[80]         2.42    0.07   2.29   -1.22    1.07    1.98   3.38   8.09  1126 1.00
beta0[81]         2.38    0.06   2.36   -1.41    1.02    1.95   3.38   8.25  1358 1.00
beta0[82]         1.80    0.04   2.20   -2.57    0.71    1.65   2.78   6.81  3594 1.00
beta0[83]         2.13    0.05   2.47   -2.34    0.85    1.80   3.16   8.04  2470 1.00
betak[1,1]        2.66    0.09   1.95   -0.52    1.36    2.41   3.70   7.32   491 1.01
betak[1,2]        4.56    0.12   2.13    1.36    3.10    4.22   5.65   9.63   315 1.01
betak[1,3]        2.28    0.10   2.11   -1.32    0.89    2.07   3.45   7.08   486 1.00
betak[2,1]        2.63    0.09   1.95   -0.56    1.34    2.37   3.65   7.31   501 1.01
betak[2,2]        4.43    0.12   2.17    1.07    2.96    4.12   5.56   9.61   320 1.01
betak[2,3]        2.30    0.10   2.12   -1.34    0.89    2.09   3.49   7.08   491 1.00
betak[3,1]        2.69    0.09   1.94   -0.46    1.40    2.44   3.72   7.36   483 1.01
betak[3,2]        4.51    0.12   2.16    1.18    3.05    4.18   5.62   9.75   319 1.01
betak[3,3]        2.31    0.10   2.12   -1.30    0.91    2.10   3.49   7.08   487 1.00
betak[4,1]        2.51    0.09   1.94   -0.75    1.24    2.28   3.55   7.14   489 1.01
betak[4,2]        4.36    0.12   2.15    1.00    2.92    4.05   5.50   9.49   324 1.01
betak[4,3]        2.07    0.10   2.09   -1.57    0.71    1.89   3.23   6.79   481 1.00
betak[5,1]        2.58    0.09   1.94   -0.64    1.30    2.34   3.61   7.19   489 1.01
betak[5,2]        4.44    0.12   2.17    1.06    2.99    4.14   5.58   9.66   324 1.01
betak[5,3]        2.29    0.09   2.12   -1.36    0.89    2.10   3.48   7.03   507 1.00
betak[6,1]        2.57    0.09   1.95   -0.65    1.28    2.33   3.59   7.26   489 1.01
betak[6,2]        4.49    0.12   2.16    1.19    3.02    4.15   5.62   9.67   318 1.01
betak[6,3]        2.20    0.09   2.09   -1.36    0.82    2.00   3.36   6.98   494 1.00
betak[7,1]        2.62    0.09   1.95   -0.55    1.33    2.37   3.67   7.27   501 1.01
betak[7,2]        4.43    0.12   2.17    1.07    2.98    4.11   5.57   9.60   332 1.01
betak[7,3]        2.29    0.09   2.12   -1.31    0.88    2.08   3.48   7.05   507 1.00
betak[8,1]        2.52    0.09   1.94   -0.68    1.24    2.28   3.55   7.16   487 1.01
betak[8,2]        4.49    0.12   2.15    1.20    3.02    4.17   5.62   9.64   325 1.01
betak[8,3]        2.17    0.10   2.11   -1.47    0.79    1.98   3.35   6.92   476 1.00
betak[9,1]        2.40    0.09   1.93   -0.87    1.14    2.19   3.42   7.00   475 1.01
betak[9,2]        4.14    0.12   2.14    0.70    2.73    3.85   5.25   9.23   304 1.01
betak[9,3]        2.34    0.10   2.12   -1.29    0.95    2.13   3.54   7.10   490 1.00
betak[10,1]       2.60    0.09   1.94   -0.60    1.32    2.37   3.64   7.18   493 1.01
betak[10,2]       4.57    0.12   2.13    1.34    3.12    4.23   5.69   9.72   321 1.01
betak[10,3]       2.33    0.09   2.13   -1.29    0.92    2.12   3.50   7.15   504 1.00
betak[11,1]       2.64    0.09   1.94   -0.50    1.34    2.39   3.67   7.31   477 1.01
betak[11,2]       4.45    0.12   2.15    1.13    2.99    4.14   5.57   9.52   315 1.01
betak[11,3]       2.27    0.10   2.12   -1.32    0.89    2.07   3.44   7.05   489 1.00
betak[12,1]       2.61    0.09   1.95   -0.57    1.32    2.37   3.65   7.28   490 1.01
betak[12,2]       4.43    0.12   2.17    1.05    2.97    4.11   5.58   9.59   324 1.01
betak[12,3]       2.29    0.10   2.12   -1.30    0.90    2.07   3.45   7.12   497 1.00
betak[13,1]       2.65    0.09   1.96   -0.51    1.34    2.38   3.69   7.39   489 1.01
betak[13,2]       4.15    0.12   2.17    0.66    2.74    3.86   5.27   9.26   312 1.01
betak[13,3]       2.33    0.10   2.13   -1.25    0.92    2.12   3.51   7.14   492 1.00
betak[14,1]       2.53    0.09   1.92   -0.66    1.26    2.29   3.55   7.09   469 1.01
betak[14,2]       4.45    0.12   2.17    1.09    2.99    4.14   5.57   9.68   316 1.01
betak[14,3]       2.37    0.09   2.10   -1.16    0.96    2.15   3.56   7.16   502 1.00
betak[15,1]       2.57    0.09   1.93   -0.62    1.28    2.34   3.61   7.17   473 1.01
betak[15,2]       4.45    0.12   2.17    1.08    2.99    4.13   5.59   9.65   327 1.01
betak[15,3]       2.30    0.10   2.13   -1.30    0.89    2.09   3.49   7.10   498 1.00
betak[16,1]       2.61    0.09   1.96   -0.61    1.32    2.38   3.63   7.32   492 1.01
betak[16,2]       4.44    0.12   2.16    1.12    2.98    4.13   5.58   9.58   315 1.01
betak[16,3]       2.29    0.10   2.12   -1.32    0.89    2.10   3.47   7.06   485 1.00
betak[17,1]       2.82    0.09   1.95   -0.30    1.50    2.55   3.83   7.52   475 1.01
betak[17,2]       4.12    0.12   2.16    0.61    2.71    3.83   5.23   9.22   304 1.01
betak[17,3]       2.26    0.09   2.13   -1.45    0.87    2.06   3.45   7.09   504 1.00
betak[18,1]       2.58    0.09   1.93   -0.58    1.29    2.35   3.63   7.19   478 1.01
betak[18,2]       4.51    0.12   2.16    1.24    3.06    4.17   5.62   9.70   319 1.01
betak[18,3]       2.26    0.10   2.12   -1.42    0.87    2.08   3.45   7.03   496 1.00
betak[19,1]       2.78    0.09   1.95   -0.36    1.47    2.52   3.81   7.53   479 1.01
betak[19,2]       4.22    0.12   2.17    0.74    2.79    3.93   5.35   9.37   318 1.01
betak[19,3]       2.37    0.10   2.12   -1.22    0.95    2.16   3.55   7.24   486 1.00
betak[20,1]       2.61    0.09   1.94   -0.59    1.33    2.38   3.63   7.28   491 1.01
betak[20,2]       4.44    0.12   2.16    1.08    2.98    4.12   5.57   9.62   324 1.01
betak[20,3]       2.28    0.10   2.12   -1.31    0.87    2.07   3.47   7.07   497 1.00
betak[21,1]       2.48    0.09   1.92   -0.74    1.23    2.26   3.49   7.05   468 1.01
betak[21,2]       4.52    0.12   2.16    1.19    3.05    4.20   5.65   9.66   321 1.01
betak[21,3]       2.15    0.09   2.10   -1.49    0.79    1.95   3.32   6.89   498 1.00
betak[22,1]       2.61    0.09   1.94   -0.59    1.32    2.38   3.66   7.24   494 1.01
betak[22,2]       4.43    0.12   2.16    1.05    2.97    4.12   5.57   9.57   315 1.01
betak[22,3]       2.29    0.09   2.11   -1.31    0.88    2.08   3.47   7.06   497 1.00
betak[23,1]       2.62    0.09   1.94   -0.54    1.32    2.36   3.65   7.24   484 1.01
betak[23,2]       4.43    0.12   2.17    1.07    2.98    4.11   5.56   9.65   322 1.01
betak[23,3]       2.29    0.09   2.11   -1.34    0.89    2.08   3.48   7.03   495 1.00
betak[24,1]       2.58    0.09   1.94   -0.63    1.29    2.36   3.59   7.22   488 1.01
betak[24,2]       4.46    0.12   2.15    1.13    3.00    4.14   5.58   9.67   325 1.01
betak[24,3]       2.30    0.10   2.11   -1.33    0.89    2.10   3.48   7.07   483 1.00
betak[25,1]       2.61    0.09   1.95   -0.59    1.31    2.37   3.64   7.24   498 1.01
betak[25,2]       4.44    0.12   2.18    1.07    2.98    4.11   5.58   9.63   322 1.01
betak[25,3]       2.29    0.09   2.13   -1.36    0.90    2.09   3.49   7.15   505 1.00
betak[26,1]       2.60    0.09   1.94   -0.58    1.32    2.36   3.62   7.28   487 1.01
betak[26,2]       4.48    0.12   2.16    1.13    3.02    4.16   5.60   9.65   323 1.01
betak[26,3]       2.29    0.10   2.12   -1.32    0.88    2.09   3.48   7.06   483 1.00
betak[27,1]       2.56    0.09   1.95   -0.69    1.29    2.33   3.57   7.23   482 1.01
betak[27,2]       4.44    0.12   2.17    1.08    2.97    4.12   5.58   9.61   326 1.01
betak[27,3]       2.31    0.10   2.11   -1.29    0.90    2.09   3.50   7.10   490 1.00
betak[28,1]       2.59    0.09   1.96   -0.64    1.29    2.35   3.63   7.26   494 1.01
betak[28,2]       4.44    0.12   2.15    1.11    2.99    4.13   5.55   9.62   325 1.01
betak[28,3]       2.30    0.09   2.11   -1.29    0.90    2.09   3.46   7.07   506 1.00
betak[29,1]       2.61    0.09   1.94   -0.61    1.32    2.38   3.64   7.24   483 1.01
betak[29,2]       4.46    0.12   2.16    1.09    3.00    4.14   5.57   9.62   319 1.01
betak[29,3]       2.29    0.10   2.14   -1.31    0.89    2.09   3.48   7.12   498 1.00
betak[30,1]       2.58    0.09   1.95   -0.63    1.28    2.35   3.63   7.17   484 1.01
betak[30,2]       4.45    0.12   2.16    1.10    2.99    4.14   5.57   9.57   321 1.01
betak[30,3]       2.32    0.09   2.11   -1.27    0.93    2.11   3.51   7.08   506 1.00
betak[31,1]       2.55    0.09   1.95   -0.70    1.26    2.34   3.59   7.18   483 1.01
betak[31,2]       4.31    0.12   2.16    0.90    2.88    4.01   5.42   9.41   309 1.01
betak[31,3]       2.40    0.10   2.10   -1.12    1.00    2.18   3.56   7.20   487 1.00
betak[32,1]       2.70    0.09   1.95   -0.46    1.41    2.44   3.72   7.39   479 1.01
betak[32,2]       4.57    0.12   2.13    1.31    3.11    4.24   5.68   9.70   310 1.01
betak[32,3]       2.22    0.09   2.12   -1.44    0.82    2.03   3.41   6.97   513 1.00
betak[33,1]       2.62    0.09   1.96   -0.63    1.32    2.38   3.65   7.34   481 1.01
betak[33,2]       4.43    0.12   2.17    1.04    2.98    4.13   5.56   9.58   318 1.01
betak[33,3]       2.29    0.10   2.12   -1.35    0.90    2.07   3.46   7.09   498 1.00
betak[34,1]       2.53    0.09   1.95   -0.71    1.25    2.31   3.55   7.15   486 1.01
betak[34,2]       4.31    0.12   2.16    0.93    2.86    3.99   5.44   9.45   313 1.01
betak[34,3]       2.19    0.10   2.11   -1.47    0.80    2.00   3.37   6.94   480 1.00
betak[35,1]       2.50    0.09   1.93   -0.67    1.23    2.28   3.52   7.14   479 1.01
betak[35,2]       4.43    0.12   2.18    1.09    2.96    4.11   5.57   9.58   327 1.01
betak[35,3]       2.25    0.10   2.12   -1.42    0.84    2.04   3.44   7.04   500 1.00
betak[36,1]       2.63    0.09   1.95   -0.60    1.35    2.38   3.66   7.26   492 1.01
betak[36,2]       4.45    0.12   2.17    1.10    2.99    4.13   5.57   9.58   321 1.01
betak[36,3]       2.31    0.10   2.12   -1.30    0.90    2.11   3.51   7.09   494 1.00
betak[37,1]       2.43    0.09   1.95   -0.86    1.17    2.22   3.47   7.03   488 1.01
betak[37,2]       4.43    0.12   2.16    1.05    2.98    4.12   5.56   9.59   325 1.01
betak[37,3]       2.22    0.09   2.11   -1.45    0.84    2.02   3.39   7.04   498 1.00
betak[38,1]       2.57    0.09   1.94   -0.66    1.30    2.34   3.60   7.17   498 1.01
betak[38,2]       4.47    0.12   2.16    1.16    3.02    4.15   5.60   9.60   321 1.01
betak[38,3]       2.30    0.09   2.11   -1.38    0.91    2.10   3.48   7.12   512 1.00
betak[39,1]       2.61    0.09   1.96   -0.64    1.32    2.38   3.65   7.35   506 1.01
betak[39,2]       4.45    0.12   2.16    1.07    2.97    4.13   5.59   9.62   325 1.01
betak[39,3]       2.34    0.09   2.09   -1.16    0.95    2.11   3.50   7.08   491 1.00
betak[40,1]       2.76    0.09   1.96   -0.39    1.44    2.51   3.79   7.39   474 1.01
betak[40,2]       4.50    0.12   2.15    1.20    3.03    4.18   5.62   9.70   320 1.01
betak[40,3]       2.16    0.10   2.11   -1.50    0.78    1.98   3.35   6.88   482 1.00
betak[41,1]       2.63    0.09   1.95   -0.56    1.33    2.39   3.67   7.28   493 1.01
betak[41,2]       4.43    0.12   2.15    1.11    2.98    4.11   5.55   9.56   324 1.01
betak[41,3]       2.29    0.10   2.13   -1.35    0.88    2.07   3.48   7.11   503 1.00
betak[42,1]       2.56    0.09   1.94   -0.66    1.29    2.34   3.59   7.26   474 1.01
betak[42,2]       4.42    0.12   2.17    1.04    2.97    4.11   5.54   9.65   321 1.01
betak[42,3]       2.40    0.09   2.06   -1.01    1.00    2.18   3.55   7.15   472 1.00
betak[43,1]       2.66    0.09   1.92   -0.37    1.39    2.39   3.68   7.29   484 1.01
betak[43,2]       4.43    0.12   2.16    1.08    2.97    4.12   5.57   9.63   323 1.01
betak[43,3]       2.31    0.10   2.11   -1.26    0.92    2.11   3.49   7.02   488 1.00
betak[44,1]       2.60    0.09   1.95   -0.62    1.32    2.36   3.63   7.28   484 1.01
betak[44,2]       4.45    0.12   2.17    1.10    2.98    4.13   5.59   9.61   326 1.01
betak[44,3]       2.36    0.09   2.02   -0.90    0.96    2.11   3.48   7.07   476 1.00
betak[45,1]       2.61    0.09   1.96   -0.60    1.31    2.37   3.65   7.25   489 1.01
betak[45,2]       4.44    0.12   2.16    1.06    2.97    4.11   5.56   9.64   318 1.01
betak[45,3]       2.29    0.10   2.12   -1.37    0.89    2.08   3.50   7.03   498 1.00
betak[46,1]       2.64    0.09   1.95   -0.56    1.36    2.39   3.68   7.33   501 1.01
betak[46,2]       4.51    0.12   2.13    1.30    3.06    4.18   5.62   9.61   311 1.01
betak[46,3]       2.28    0.10   2.13   -1.36    0.87    2.08   3.49   7.06   491 1.00
betak[47,1]       2.61    0.09   1.96   -0.61    1.32    2.38   3.65   7.29   486 1.01
betak[47,2]       4.44    0.12   2.16    1.09    2.96    4.13   5.58   9.62   317 1.01
betak[47,3]       2.29    0.10   2.13   -1.33    0.88    2.08   3.47   7.13   491 1.00
betak[48,1]       2.66    0.09   1.91   -0.44    1.37    2.41   3.64   7.29   492 1.01
betak[48,2]       4.43    0.12   2.15    1.07    2.97    4.11   5.56   9.57   315 1.01
betak[48,3]       2.29    0.10   2.14   -1.35    0.89    2.08   3.49   7.13   496 1.00
betak[49,1]       2.69    0.09   1.91   -0.35    1.40    2.43   3.68   7.38   477 1.01
betak[49,2]       4.43    0.12   2.17    1.06    2.97    4.12   5.57   9.60   316 1.01
betak[49,3]       2.26    0.10   2.11   -1.37    0.87    2.06   3.43   7.05   487 1.00
betak[50,1]       2.65    0.09   1.93   -0.45    1.36    2.38   3.67   7.32   476 1.01
betak[50,2]       4.44    0.12   2.18    1.05    2.97    4.12   5.56   9.62   316 1.01
betak[50,3]       2.30    0.10   2.13   -1.32    0.90    2.10   3.48   7.12   499 1.00
betak[51,1]       2.64    0.09   1.93   -0.54    1.36    2.40   3.65   7.28   489 1.01
betak[51,2]       4.45    0.12   2.16    1.10    3.00    4.13   5.55   9.62   325 1.01
betak[51,3]       2.28    0.10   2.12   -1.35    0.88    2.09   3.47   7.03   498 1.00
betak[52,1]       2.66    0.09   1.92   -0.47    1.38    2.42   3.68   7.32   474 1.01
betak[52,2]       4.46    0.12   2.17    1.08    3.00    4.14   5.58   9.61   319 1.01
betak[52,3]       2.26    0.09   2.12   -1.37    0.86    2.05   3.45   7.04   506 1.00
betak[53,1]       2.64    0.09   1.93   -0.49    1.34    2.40   3.66   7.28   480 1.01
betak[53,2]       4.46    0.12   2.17    1.08    2.98    4.14   5.59   9.59   322 1.01
betak[53,3]       2.29    0.09   2.12   -1.38    0.89    2.10   3.48   7.04   498 1.00
betak[54,1]       2.65    0.09   1.93   -0.49    1.37    2.40   3.67   7.30   475 1.01
betak[54,2]       4.45    0.12   2.16    1.10    3.00    4.13   5.58   9.61   321 1.01
betak[54,3]       2.25    0.09   2.12   -1.36    0.86    2.04   3.44   6.98   501 1.00
betak[55,1]       2.65    0.09   1.93   -0.49    1.36    2.40   3.68   7.35   470 1.01
betak[55,2]       4.45    0.12   2.16    1.10    3.00    4.13   5.58   9.50   321 1.01
betak[55,3]       2.26    0.10   2.12   -1.34    0.86    2.06   3.47   7.01   486 1.00
betak[56,1]       2.64    0.09   1.94   -0.56    1.34    2.38   3.67   7.32   498 1.01
betak[56,2]       4.45    0.12   2.15    1.15    2.97    4.14   5.60   9.58   319 1.01
betak[56,3]       2.27    0.10   2.13   -1.37    0.86    2.07   3.47   7.07   495 1.00
betak[57,1]       2.52    0.09   1.95   -0.76    1.24    2.31   3.57   7.17   498 1.01
betak[57,2]       4.16    0.12   2.16    0.64    2.74    3.87   5.30   9.26   306 1.01
betak[57,3]       2.55    0.10   2.14   -1.01    1.11    2.31   3.72   7.47   469 1.00
betak[58,1]       2.60    0.09   1.96   -0.57    1.30    2.37   3.62   7.29   484 1.01
betak[58,2]       4.48    0.12   2.15    1.18    3.02    4.15   5.59   9.61   323 1.01
betak[58,3]       2.26    0.10   2.11   -1.34    0.87    2.05   3.45   7.02   481 1.00
betak[59,1]       2.56    0.09   1.93   -0.63    1.30    2.33   3.59   7.18   490 1.01
betak[59,2]       4.51    0.12   2.14    1.28    3.05    4.19   5.60   9.67   321 1.01
betak[59,3]       2.25    0.09   2.12   -1.40    0.86    2.04   3.44   7.02   507 1.00
betak[60,1]       2.58    0.09   1.94   -0.65    1.30    2.34   3.62   7.20   505 1.01
betak[60,2]       4.47    0.12   2.15    1.14    3.01    4.14   5.59   9.59   321 1.01
betak[60,3]       2.31    0.10   2.12   -1.33    0.90    2.11   3.50   7.11   497 1.00
betak[61,1]       2.72    0.09   1.89   -0.28    1.44    2.46   3.70   7.28   460 1.01
betak[61,2]       4.43    0.12   2.16    1.06    2.97    4.11   5.56   9.61   324 1.01
betak[61,3]       2.24    0.10   2.11   -1.41    0.85    2.04   3.41   7.04   481 1.00
betak[62,1]       2.67    0.09   1.91   -0.36    1.39    2.42   3.66   7.29   479 1.01
betak[62,2]       4.44    0.12   2.17    1.07    2.97    4.12   5.55   9.62   325 1.01
betak[62,3]       2.27    0.10   2.12   -1.37    0.87    2.07   3.46   7.09   487 1.00
betak[63,1]       2.64    0.09   1.94   -0.51    1.34    2.39   3.67   7.31   482 1.01
betak[63,2]       4.46    0.12   2.17    1.10    3.00    4.14   5.57   9.70   323 1.01
betak[63,3]       2.26    0.10   2.12   -1.32    0.86    2.06   3.45   6.99   492 1.00
betak[64,1]       2.58    0.09   1.93   -0.64    1.30    2.36   3.60   7.17   476 1.01
betak[64,2]       4.49    0.12   2.14    1.17    3.05    4.17   5.62   9.62   316 1.01
betak[64,3]       2.26    0.09   2.11   -1.36    0.87    2.07   3.44   6.98   512 1.00
betak[65,1]       2.61    0.09   1.96   -0.61    1.32    2.37   3.67   7.27   498 1.01
betak[65,2]       4.44    0.12   2.16    1.07    2.98    4.12   5.57   9.59   321 1.01
betak[65,3]       2.28    0.10   2.12   -1.31    0.89    2.06   3.47   7.08   491 1.00
betak[66,1]       2.64    0.09   1.95   -0.56    1.34    2.40   3.67   7.34   491 1.01
betak[66,2]       4.52    0.12   2.13    1.31    3.05    4.19   5.63   9.65   320 1.01
betak[66,3]       2.31    0.09   2.12   -1.30    0.91    2.10   3.50   7.09   510 1.00
betak[67,1]       2.64    0.09   1.94   -0.54    1.36    2.39   3.68   7.26   476 1.01
betak[67,2]       4.49    0.12   2.14    1.26    3.05    4.17   5.60   9.68   315 1.01
betak[67,3]       2.32    0.09   2.12   -1.27    0.92    2.12   3.49   7.10   501 1.00
betak[68,1]       2.61    0.09   1.94   -0.56    1.30    2.38   3.66   7.28   478 1.01
betak[68,2]       4.44    0.12   2.16    1.12    2.99    4.11   5.56   9.59   322 1.01
betak[68,3]       2.29    0.09   2.13   -1.34    0.88    2.08   3.46   7.12   504 1.00
betak[69,1]       2.62    0.09   1.95   -0.58    1.32    2.37   3.64   7.37   480 1.01
betak[69,2]       4.43    0.12   2.16    1.05    2.98    4.13   5.57   9.61   318 1.01
betak[69,3]       2.28    0.10   2.12   -1.33    0.87    2.08   3.46   7.09   495 1.00
betak[70,1]       2.63    0.09   1.95   -0.55    1.35    2.38   3.67   7.31   489 1.01
betak[70,2]       4.51    0.12   2.13    1.32    3.05    4.17   5.62   9.65   315 1.01
betak[70,3]       2.34    0.09   2.11   -1.26    0.94    2.12   3.51   7.06   496 1.00
betak[71,1]       2.67    0.09   1.93   -0.49    1.37    2.42   3.71   7.33   477 1.01
betak[71,2]       4.56    0.12   2.12    1.37    3.10    4.23   5.64   9.73   316 1.01
betak[71,3]       2.23    0.10   2.10   -1.39    0.84    2.04   3.39   6.99   481 1.00
betak[72,1]       2.66    0.09   1.93   -0.49    1.37    2.42   3.69   7.30   484 1.01
betak[72,2]       4.47    0.12   2.15    1.17    3.00    4.15   5.59   9.65   318 1.01
betak[72,3]       2.31    0.09   2.10   -1.30    0.90    2.11   3.50   7.05   493 1.00
betak[73,1]       2.58    0.09   1.94   -0.63    1.31    2.33   3.62   7.23   501 1.01
betak[73,2]       4.47    0.12   2.16    1.16    3.00    4.16   5.61   9.67   316 1.01
betak[73,3]       2.22    0.09   2.10   -1.40    0.84    2.01   3.39   6.97   493 1.00
betak[74,1]       2.60    0.09   1.94   -0.60    1.32    2.36   3.64   7.28   478 1.01
betak[74,2]       4.47    0.12   2.16    1.16    3.01    4.14   5.60   9.68   318 1.01
betak[74,3]       2.29    0.09   2.12   -1.31    0.89    2.09   3.48   7.14   501 1.00
betak[75,1]       2.63    0.09   1.95   -0.56    1.33    2.39   3.67   7.33   481 1.01
betak[75,2]       4.47    0.12   2.17    1.12    3.01    4.15   5.59   9.68   321 1.01
betak[75,3]       2.28    0.09   2.12   -1.34    0.89    2.07   3.48   7.06   503 1.00
betak[76,1]       2.63    0.09   1.94   -0.54    1.35    2.39   3.67   7.27   490 1.01
betak[76,2]       4.46    0.12   2.17    1.12    2.99    4.13   5.59   9.65   321 1.01
betak[76,3]       2.26    0.09   2.12   -1.34    0.85    2.05   3.44   7.09   503 1.00
betak[77,1]       2.60    0.09   1.94   -0.58    1.32    2.37   3.63   7.29   497 1.01
betak[77,2]       4.20    0.12   2.18    0.72    2.77    3.90   5.33   9.34   313 1.01
betak[77,3]       2.39    0.10   2.14   -1.20    0.97    2.17   3.59   7.21   499 1.00
betak[78,1]       2.58    0.09   1.93   -0.61    1.32    2.35   3.60   7.21   492 1.01
betak[78,2]       4.48    0.12   2.16    1.16    3.01    4.14   5.59   9.63   326 1.01
betak[78,3]       2.28    0.10   2.11   -1.33    0.89    2.07   3.47   7.07   483 1.00
betak[79,1]       2.70    0.09   1.94   -0.42    1.41    2.45   3.72   7.39   511 1.01
betak[79,2]       4.48    0.12   2.16    1.12    3.01    4.17   5.60   9.64   324 1.01
betak[79,3]       2.40    0.10   2.10   -1.13    0.98    2.18   3.58   7.18   488 1.00
betak[80,1]       2.70    0.09   1.91   -0.32    1.40    2.44   3.72   7.32   470 1.01
betak[80,2]       4.42    0.12   2.16    1.04    2.97    4.10   5.55   9.57   329 1.01
betak[80,3]       2.28    0.09   2.13   -1.33    0.89    2.08   3.46   7.05   506 1.00
betak[81,1]       2.68    0.09   1.91   -0.37    1.39    2.42   3.67   7.31   477 1.01
betak[81,2]       4.43    0.12   2.16    1.08    2.98    4.11   5.57   9.61   319 1.01
betak[81,3]       2.28    0.10   2.13   -1.35    0.88    2.08   3.49   7.09   495 1.00
betak[82,1]       2.64    0.09   1.94   -0.54    1.35    2.40   3.66   7.30   490 1.01
betak[82,2]       4.52    0.12   2.13    1.28    3.07    4.18   5.62   9.68   317 1.01
betak[82,3]       2.31    0.09   2.12   -1.33    0.92    2.12   3.50   7.09   513 1.00
betak[83,1]       2.61    0.09   1.95   -0.59    1.32    2.37   3.65   7.29   492 1.01
betak[83,2]       4.43    0.12   2.16    1.08    2.97    4.11   5.55   9.64   316 1.01
betak[83,3]       2.29    0.09   2.12   -1.35    0.89    2.10   3.49   7.06   498 1.00
mu_beta0          2.13    0.05   0.91    0.85    1.49    1.96   2.60   4.38   292 1.01
sigma_beta0       1.95    0.10   1.21    0.23    0.98    1.78   2.71   4.67   162 1.02
mu_betak[1]       2.62    0.09   1.68    0.07    1.48    2.35   3.43   6.86   365 1.01
mu_betak[2]       4.44    0.12   1.92    1.74    3.10    4.07   5.38   9.20   254 1.01
mu_betak[3]       2.29    0.10   1.87   -0.76    1.01    2.07   3.31   6.65   388 1.01
sigma_betak       0.87    0.05   0.49    0.25    0.51    0.77   1.11   2.12   111 1.02
f[1]             -2.78    0.09   2.45   -8.91   -3.91   -2.32  -1.17   0.76   738 1.00
f[2]              2.93    0.09   2.28   -0.22    1.47    2.40   3.88   8.81   655 1.01
f[3]             -0.92    0.07   1.96   -5.78   -1.82   -0.53   0.36   1.97   717 1.00
f[4]              0.84    0.07   2.07   -2.40   -0.51    0.51   1.83   5.97   973 1.00
f[5]              2.59    0.09   2.25   -0.50    1.17    2.09   3.51   8.37   648 1.00
f[6]              2.49    0.08   2.32   -0.79    1.00    2.03   3.49   8.24   862 1.00
f[7]             -4.51    0.13   3.41  -12.65   -6.15   -4.00  -2.40   1.01   736 1.01
f[8]              2.06    0.07   2.28   -1.32    0.58    1.63   3.09   7.84   931 1.00
f[9]              0.26    0.07   2.01   -3.01   -1.06    0.02   1.29   4.99   910 1.00
f[10]            -1.62    0.08   2.15   -7.01   -2.61   -1.23  -0.23   1.58   729 1.00
f[11]             4.94    0.13   2.98    0.84    2.95    4.32   6.25  12.51   497 1.01
f[12]             3.71    0.09   2.86   -1.02    1.96    3.27   5.03  10.72  1010 1.00
f[13]             1.01    0.07   1.93   -3.37   -0.07    1.26   2.32   4.17   666 1.00
f[14]             2.81    0.10   2.53   -0.85    1.12    2.34   4.00   9.13   662 1.00
f[15]             2.63    0.08   2.27   -0.57    1.16    2.13   3.62   8.34   721 1.01
f[16]             7.16    0.21   3.94    1.47    4.52    6.41   8.96  16.98   364 1.01
f[17]             0.87    0.07   1.96   -3.53   -0.23    1.09   2.17   4.17   699 1.00
f[18]             3.57    0.10   2.63   -0.14    1.85    3.05   4.73  10.19   695 1.00
f[19]             0.41    0.07   1.92   -4.00   -0.60    0.66   1.68   3.50   668 1.00
f[20]             3.23    0.08   2.66   -1.25    1.70    2.81   4.40   9.66  1116 1.00
f[21]             1.95    0.08   2.32   -1.56    0.44    1.57   3.05   7.54   947 1.00
f[22]             2.72    0.07   2.87   -2.31    1.06    2.39   4.07   9.51  1681 1.00
f[23]             3.70    0.09   2.94   -1.13    1.92    3.27   5.03  10.79  1059 1.00
f[24]             3.00    0.09   2.38   -0.30    1.49    2.49   4.03   8.93   653 1.00
f[25]             3.60    0.10   2.83   -0.99    1.88    3.12   4.86  10.53   817 1.00
f[26]             4.11    0.11   2.65    0.51    2.38    3.52   5.22  10.90   544 1.01
f[27]             2.61    0.09   2.28   -0.60    1.13    2.13   3.58   8.31   664 1.00
f[28]             2.56    0.09   2.24   -0.55    1.13    2.06   3.50   8.26   683 1.00
f[29]             3.27    0.09   2.40    0.00    1.74    2.72   4.25   9.44   658 1.00
f[30]             2.62    0.09   2.28   -0.55    1.16    2.12   3.61   8.47   643 1.00
f[31]             1.46    0.08   2.13   -1.70    0.06    1.06   2.48   6.73   772 1.00
f[32]            -2.13    0.08   2.30   -7.83   -3.20   -1.71  -0.62   1.28   869 1.00
f[33]            -3.13    0.08   3.11  -10.45   -4.67   -2.80  -1.26   2.35  1548 1.00
f[34]             0.91    0.07   1.97   -2.07   -0.37    0.55   1.85   5.73   888 1.00
f[35]             1.65    0.07   2.11   -1.41    0.29    1.22   2.59   6.98   913 1.00
f[36]             3.65    0.11   2.51    0.23    2.04    3.07   4.72  10.11   529 1.01
f[37]             0.72    0.07   1.92   -3.70   -0.33    0.99   1.99   3.86   714 1.00
f[38]             3.50    0.10   2.53   -0.06    1.82    2.96   4.64   9.83   596 1.01
f[39]             4.77    0.14   3.09    0.45    2.67    4.16   6.22  12.54   460 1.01
f[40]            -0.55    0.07   1.96   -5.23   -1.50   -0.23   0.70   2.51   803 1.00
f[41]             2.53    0.09   2.85   -2.52    0.87    2.16   3.90   9.13  1104 1.00
f[42]             3.24    0.11   2.75   -0.73    1.38    2.75   4.54  10.06   621 1.00
f[43]             6.01    0.18   3.74    0.68    3.50    5.30   7.79  15.32   422 1.01
f[44]             9.59    0.31   6.14    0.76    5.21    8.56  12.77  24.64   399 1.01
f[45]             3.76    0.12   3.14   -1.41    1.81    3.30   5.28  11.23   707 1.00
f[46]            -4.25    0.12   2.99  -11.73   -5.62   -3.67  -2.26   0.02   624 1.01
f[47]            -3.68    0.11   3.18  -11.21   -5.18   -3.27  -1.74   1.65   846 1.00
f[48]             5.26    0.15   3.28    0.62    3.03    4.62   6.77  13.55   495 1.01
f[49]             4.33    0.12   3.07    0.02    2.25    3.73   5.76  12.03   624 1.01
f[50]             5.63    0.16   3.40    0.86    3.33    4.95   7.21  14.29   427 1.01
f[51]             5.86    0.16   3.32    1.28    3.60    5.17   7.39  14.27   439 1.01
f[52]             4.78    0.12   3.11    0.43    2.69    4.16   6.19  12.65   623 1.01
f[53]             6.07    0.16   3.39    1.40    3.78    5.35   7.59  14.70   433 1.01
f[54]             4.68    0.13   3.02    0.38    2.65    4.11   6.06  12.27   577 1.01
f[55]             5.03    0.14   3.08    0.72    2.95    4.41   6.42  12.97   518 1.01
f[56]             4.95    0.13   2.94    0.90    2.97    4.31   6.26  12.52   506 1.01
f[57]             0.76    0.08   1.97   -3.72   -0.31    0.98   2.08   4.02   662 1.00
f[58]             3.73    0.10   2.56    0.13    2.06    3.19   4.84  10.21   618 1.01
f[59]             3.56    0.10   2.66   -0.25    1.82    3.07   4.75  10.24   740 1.00
f[60]             3.43    0.10   2.48   -0.05    1.80    2.92   4.55   9.68   574 1.01
f[61]             3.77    0.11   3.02   -0.55    1.70    3.25   5.21  11.28   722 1.00
f[62]             4.58    0.13   3.10    0.23    2.50    3.95   6.02  12.37   570 1.01
f[63]             4.34    0.11   2.79    0.48    2.50    3.74   5.59  11.39   603 1.01
f[64]             3.33    0.09   2.52   -0.23    1.68    2.81   4.46   9.64   723 1.00
f[65]            -2.28    0.06   2.97   -9.13   -3.73   -2.02  -0.56   3.16  2148 1.00
f[66]            -4.09    0.12   2.91  -11.34   -5.44   -3.53  -2.13   0.09   552 1.01
f[67]            -4.72    0.14   3.18  -12.61   -6.19   -4.11  -2.57  -0.27   528 1.01
f[68]             3.29    0.09   2.66   -1.13    1.76    2.84   4.43   9.74   977 1.00
f[69]             3.62    0.10   2.85   -0.89    1.89    3.14   4.87  10.66   796 1.00
f[70]            -4.08    0.12   2.94  -11.39   -5.42   -3.53  -2.11   0.11   561 1.01
f[71]            -3.18    0.09   2.68   -9.80   -4.42   -2.68  -1.41   0.76   851 1.00
f[72]            -5.48    0.17   3.50  -14.24   -7.08   -4.80  -3.12  -0.51   445 1.01
f[73]             2.37    0.08   2.25   -0.82    0.93    1.92   3.36   7.97   834 1.00
f[74]             4.32    0.12   2.67    0.70    2.55    3.71   5.48  11.13   520 1.01
f[75]             4.54    0.12   2.75    0.81    2.75    3.89   5.71  11.53   511 1.01
f[76]             4.00    0.10   2.65    0.30    2.28    3.43   5.11  10.74   665 1.00
f[77]             0.85    0.07   1.92   -3.68   -0.20    1.15   2.15   3.90   670 1.01
f[78]             3.49    0.10   2.49    0.00    1.87    2.95   4.56   9.82   674 1.01
f[79]            -1.57    0.08   2.14   -6.87   -2.52   -1.17  -0.19   1.60   639 1.01
f[80]             4.43    0.13   3.12    0.01    2.31    3.83   5.89  12.32   567 1.01
f[81]             4.82    0.14   3.27    0.25    2.59    4.19   6.37  13.02   522 1.01
f[82]            -4.10    0.12   2.94  -11.44   -5.46   -3.56  -2.12   0.11   597 1.00
f[83]             7.43    0.26   5.37   -1.22    3.85    6.69  10.23  20.28   432 1.01
y_predict[1]      0.16    0.00   0.37    0.00    0.00    0.00   0.00   1.00  9516 1.00
y_predict[2]      0.87    0.00   0.34    0.00    1.00    1.00   1.00   1.00 14330 1.00
y_predict[3]      0.38    0.01   0.49    0.00    0.00    0.00   1.00   1.00  3476 1.00
y_predict[4]      0.60    0.01   0.49    0.00    0.00    1.00   1.00   1.00  3526 1.00
y_predict[5]      0.84    0.00   0.37    0.00    1.00    1.00   1.00   1.00 16202 1.00
y_predict[6]      0.82    0.00   0.39    0.00    1.00    1.00   1.00   1.00 10231 1.00
y_predict[7]      0.09    0.00   0.29    0.00    0.00    0.00   0.00   1.00 12701 1.00
y_predict[8]      0.77    0.00   0.42    0.00    1.00    1.00   1.00   1.00  7204 1.00
y_predict[9]      0.52    0.01   0.50    0.00    0.00    1.00   1.00   1.00  3083 1.00
y_predict[10]     0.28    0.01   0.45    0.00    0.00    0.00   1.00   1.00  5419 1.00
y_predict[11]     0.95    0.00   0.21    0.00    1.00    1.00   1.00   1.00 20924 1.00
y_predict[12]     0.89    0.00   0.31    0.00    1.00    1.00   1.00   1.00 14087 1.00
y_predict[13]     0.68    0.01   0.47    0.00    0.00    1.00   1.00   1.00  1608 1.00
y_predict[14]     0.84    0.00   0.37    0.00    1.00    1.00   1.00   1.00  6195 1.00
y_predict[15]     0.84    0.00   0.37    0.00    1.00    1.00   1.00   1.00 13233 1.00
y_predict[16]     0.98    0.00   0.14    1.00    1.00    1.00   1.00   1.00 13155 1.00
y_predict[17]     0.65    0.01   0.48    0.00    0.00    1.00   1.00   1.00  1767 1.00
y_predict[18]     0.90    0.00   0.30    0.00    1.00    1.00   1.00   1.00 14624 1.00
y_predict[19]     0.59    0.01   0.49    0.00    0.00    1.00   1.00   1.00  2066 1.00
y_predict[20]     0.87    0.00   0.33    0.00    1.00    1.00   1.00   1.00 20475 1.00
y_predict[21]     0.75    0.01   0.43    0.00    1.00    1.00   1.00   1.00  5694 1.00
y_predict[22]     0.81    0.00   0.39    0.00    1.00    1.00   1.00   1.00 10199 1.00
y_predict[23]     0.89    0.00   0.32    0.00    1.00    1.00   1.00   1.00 15761 1.00
y_predict[24]     0.87    0.00   0.34    0.00    1.00    1.00   1.00   1.00 14747 1.00
y_predict[25]     0.88    0.00   0.32    0.00    1.00    1.00   1.00   1.00 17508 1.00
y_predict[26]     0.93    0.00   0.25    0.00    1.00    1.00   1.00   1.00 24757 1.00
y_predict[27]     0.84    0.00   0.37    0.00    1.00    1.00   1.00   1.00 10910 1.00
y_predict[28]     0.84    0.00   0.37    0.00    1.00    1.00   1.00   1.00 13846 1.00
y_predict[29]     0.89    0.00   0.31    0.00    1.00    1.00   1.00   1.00 18885 1.00
y_predict[30]     0.84    0.00   0.36    0.00    1.00    1.00   1.00   1.00 18566 1.00
y_predict[31]     0.69    0.01   0.46    0.00    0.00    1.00   1.00   1.00  3923 1.00
y_predict[32]     0.22    0.00   0.42    0.00    0.00    0.00   0.00   1.00  8090 1.00
y_predict[33]     0.17    0.00   0.37    0.00    0.00    0.00   0.00   1.00 10552 1.00
y_predict[34]     0.63    0.01   0.48    0.00    0.00    1.00   1.00   1.00  3846 1.00
y_predict[35]     0.73    0.01   0.45    0.00    0.00    1.00   1.00   1.00  6708 1.00
y_predict[36]     0.91    0.00   0.28    0.00    1.00    1.00   1.00   1.00 19154 1.00
y_predict[37]     0.64    0.01   0.48    0.00    0.00    1.00   1.00   1.00  1548 1.00
y_predict[38]     0.90    0.00   0.30    0.00    1.00    1.00   1.00   1.00 14678 1.00
y_predict[39]     0.94    0.00   0.23    0.00    1.00    1.00   1.00   1.00 13159 1.00
y_predict[40]     0.43    0.01   0.50    0.00    0.00    0.00   1.00   1.00  3125 1.00
y_predict[41]     0.79    0.00   0.40    0.00    1.00    1.00   1.00   1.00  8169 1.00
y_predict[42]     0.86    0.00   0.35    0.00    1.00    1.00   1.00   1.00  6116 1.00
y_predict[43]     0.96    0.00   0.19    0.00    1.00    1.00   1.00   1.00 10021 1.00
y_predict[44]     0.97    0.00   0.16    0.00    1.00    1.00   1.00   1.00  7529 1.00
y_predict[45]     0.87    0.00   0.33    0.00    1.00    1.00   1.00   1.00  6803 1.00
y_predict[46]     0.08    0.00   0.27    0.00    0.00    0.00   0.00   1.00 12652 1.00
y_predict[47]     0.13    0.00   0.34    0.00    0.00    0.00   0.00   1.00 11147 1.00
y_predict[48]     0.95    0.00   0.21    0.00    1.00    1.00   1.00   1.00 12333 1.00
y_predict[49]     0.92    0.00   0.27    0.00    1.00    1.00   1.00   1.00 11158 1.00
y_predict[50]     0.96    0.00   0.19    0.00    1.00    1.00   1.00   1.00 13144 1.00
y_predict[51]     0.97    0.00   0.17    0.00    1.00    1.00   1.00   1.00 22033 1.00
y_predict[52]     0.94    0.00   0.24    0.00    1.00    1.00   1.00   1.00 11642 1.00
y_predict[53]     0.97    0.00   0.16    0.00    1.00    1.00   1.00   1.00 19364 1.00
y_predict[54]     0.94    0.00   0.24    0.00    1.00    1.00   1.00   1.00 15142 1.00
y_predict[55]     0.95    0.00   0.21    0.00    1.00    1.00   1.00   1.00 16874 1.00
y_predict[56]     0.96    0.00   0.20    0.00    1.00    1.00   1.00   1.00 21403 1.00
y_predict[57]     0.64    0.01   0.48    0.00    0.00    1.00   1.00   1.00  1698 1.00
y_predict[58]     0.91    0.00   0.28    0.00    1.00    1.00   1.00   1.00 19212 1.00
y_predict[59]     0.89    0.00   0.31    0.00    1.00    1.00   1.00   1.00 10662 1.00
y_predict[60]     0.90    0.00   0.30    0.00    1.00    1.00   1.00   1.00 13781 1.00
y_predict[61]     0.88    0.00   0.32    0.00    1.00    1.00   1.00   1.00  5958 1.00
y_predict[62]     0.93    0.00   0.25    0.00    1.00    1.00   1.00   1.00 10334 1.00
y_predict[63]     0.94    0.00   0.25    0.00    1.00    1.00   1.00   1.00 20443 1.00
y_predict[64]     0.89    0.00   0.32    0.00    1.00    1.00   1.00   1.00 14619 1.00
y_predict[65]     0.24    0.00   0.43    0.00    0.00    0.00   0.00   1.00  8620 1.00
y_predict[66]     0.09    0.00   0.28    0.00    0.00    0.00   0.00   1.00 12532 1.00
y_predict[67]     0.07    0.00   0.25    0.00    0.00    0.00   0.00   1.00 15936 1.00
y_predict[68]     0.87    0.00   0.33    0.00    1.00    1.00   1.00   1.00 19124 1.00
f_invlogit[1]     0.16    0.00   0.19    0.00    0.02    0.09   0.24   0.68  2311 1.00
f_invlogit[2]     0.87    0.00   0.15    0.45    0.81    0.92   0.98   1.00  2539 1.00
f_invlogit[3]     0.38    0.01   0.26    0.00    0.14    0.37   0.59   0.88   831 1.00
f_invlogit[4]     0.61    0.01   0.28    0.08    0.38    0.63   0.86   1.00  1127 1.00
f_invlogit[5]     0.84    0.00   0.17    0.38    0.76    0.89   0.97   1.00  2453 1.00
f_invlogit[6]     0.82    0.00   0.19    0.31    0.73    0.88   0.97   1.00  2163 1.00
f_invlogit[7]     0.09    0.00   0.18    0.00    0.00    0.02   0.08   0.73  5627 1.00
f_invlogit[8]     0.77    0.01   0.22    0.21    0.64    0.84   0.96   1.00  1913 1.00
f_invlogit[9]     0.52    0.01   0.30    0.05    0.26    0.50   0.78   0.99   846 1.00
f_invlogit[10]    0.28    0.01   0.24    0.00    0.07    0.23   0.44   0.83  1272 1.00
f_invlogit[11]    0.95    0.00   0.09    0.70    0.95    0.99   1.00   1.00  4342 1.00
f_invlogit[12]    0.89    0.00   0.18    0.26    0.88    0.96   0.99   1.00  6804 1.00
f_invlogit[13]    0.67    0.01   0.29    0.03    0.48    0.78   0.91   0.98   525 1.00
f_invlogit[14]    0.84    0.01   0.19    0.30    0.75    0.91   0.98   1.00  1453 1.00
f_invlogit[15]    0.84    0.00   0.17    0.36    0.76    0.89   0.97   1.00  2270 1.00
f_invlogit[16]    0.98    0.00   0.08    0.81    0.99    1.00   1.00   1.00  4663 1.00
f_invlogit[17]    0.65    0.01   0.29    0.03    0.44    0.75   0.90   0.98   571 1.01
f_invlogit[18]    0.90    0.00   0.14    0.47    0.86    0.95   0.99   1.00  2456 1.00
f_invlogit[19]    0.59    0.01   0.29    0.02    0.35    0.66   0.84   0.97   552 1.00
f_invlogit[20]    0.87    0.00   0.19    0.22    0.85    0.94   0.99   1.00 10150 1.00
f_invlogit[21]    0.75    0.01   0.24    0.17    0.61    0.83   0.95   1.00  1599 1.00
f_invlogit[22]    0.81    0.00   0.24    0.09    0.74    0.92   0.98   1.00  4255 1.00
f_invlogit[23]    0.89    0.00   0.19    0.24    0.87    0.96   0.99   1.00  6473 1.00
f_invlogit[24]    0.87    0.00   0.16    0.43    0.82    0.92   0.98   1.00  2820 1.00
f_invlogit[25]    0.89    0.00   0.18    0.27    0.87    0.96   0.99   1.00  6383 1.00
f_invlogit[26]    0.93    0.00   0.11    0.62    0.92    0.97   0.99   1.00  4096 1.00
f_invlogit[27]    0.84    0.00   0.17    0.36    0.76    0.89   0.97   1.00  1775 1.00
f_invlogit[28]    0.84    0.00   0.17    0.37    0.75    0.89   0.97   1.00  2147 1.00
f_invlogit[29]    0.89    0.00   0.14    0.50    0.85    0.94   0.99   1.00  3416 1.00
f_invlogit[30]    0.84    0.00   0.17    0.37    0.76    0.89   0.97   1.00  1959 1.00
f_invlogit[31]    0.70    0.01   0.25    0.15    0.51    0.74   0.92   1.00  1028 1.00
f_invlogit[32]    0.22    0.00   0.22    0.00    0.04    0.15   0.35   0.78  2205 1.00
f_invlogit[33]    0.17    0.00   0.24    0.00    0.01    0.06   0.22   0.91  5491 1.00
f_invlogit[34]    0.62    0.01   0.27    0.11    0.41    0.63   0.86   1.00   923 1.00
f_invlogit[35]    0.73    0.01   0.23    0.20    0.57    0.77   0.93   1.00  1467 1.00
f_invlogit[36]    0.91    0.00   0.12    0.56    0.88    0.96   0.99   1.00  3137 1.00
f_invlogit[37]    0.63    0.01   0.29    0.02    0.42    0.73   0.88   0.98   589 1.00
f_invlogit[38]    0.90    0.00   0.14    0.49    0.86    0.95   0.99   1.00  2423 1.00
f_invlogit[39]    0.94    0.00   0.11    0.61    0.94    0.98   1.00   1.00  2189 1.00
f_invlogit[40]    0.44    0.01   0.28    0.01    0.18    0.44   0.67   0.92   861 1.00
f_invlogit[41]    0.79    0.00   0.25    0.07    0.70    0.90   0.98   1.00  3286 1.00
f_invlogit[42]    0.86    0.00   0.18    0.33    0.80    0.94   0.99   1.00  1390 1.00
f_invlogit[43]    0.96    0.00   0.10    0.66    0.97    1.00   1.00   1.00  1980 1.00
f_invlogit[44]    0.97    0.00   0.09    0.68    0.99    1.00   1.00   1.00  2707 1.00
f_invlogit[45]    0.88    0.00   0.20    0.20    0.86    0.96   0.99   1.00  2853 1.00
f_invlogit[46]    0.08    0.00   0.13    0.00    0.00    0.02   0.09   0.51  3407 1.00
f_invlogit[47]    0.13    0.00   0.21    0.00    0.01    0.04   0.15   0.84  5314 1.00
f_invlogit[48]    0.95    0.00   0.10    0.65    0.95    0.99   1.00   1.00  2732 1.00
f_invlogit[49]    0.92    0.00   0.13    0.50    0.90    0.98   1.00   1.00  2557 1.00
f_invlogit[50]    0.96    0.00   0.09    0.70    0.97    0.99   1.00   1.00  2438 1.00
f_invlogit[51]    0.97    0.00   0.07    0.78    0.97    0.99   1.00   1.00  3827 1.00
f_invlogit[52]    0.94    0.00   0.11    0.61    0.94    0.98   1.00   1.00  3630 1.00
f_invlogit[53]    0.97    0.00   0.06    0.80    0.98    1.00   1.00   1.00  3446 1.00
f_invlogit[54]    0.94    0.00   0.11    0.59    0.93    0.98   1.00   1.00  3258 1.00
f_invlogit[55]    0.95    0.00   0.09    0.67    0.95    0.99   1.00   1.00  4597 1.00
f_invlogit[56]    0.96    0.00   0.08    0.71    0.95    0.99   1.00   1.00  5151 1.00
f_invlogit[57]    0.64    0.01   0.29    0.02    0.42    0.73   0.89   0.98   567 1.00
f_invlogit[58]    0.91    0.00   0.12    0.53    0.89    0.96   0.99   1.00  3681 1.00
f_invlogit[59]    0.89    0.00   0.15    0.44    0.86    0.96   0.99   1.00  2225 1.00
f_invlogit[60]    0.90    0.00   0.14    0.49    0.86    0.95   0.99   1.00  2892 1.00
f_invlogit[61]    0.88    0.00   0.17    0.37    0.85    0.96   0.99   1.00  1829 1.00
f_invlogit[62]    0.93    0.00   0.12    0.56    0.92    0.98   1.00   1.00  2551 1.00
f_invlogit[63]    0.94    0.00   0.11    0.62    0.92    0.98   1.00   1.00  4790 1.00
f_invlogit[64]    0.89    0.00   0.15    0.44    0.84    0.94   0.99   1.00  2631 1.00
f_invlogit[65]    0.24    0.00   0.28    0.00    0.02    0.12   0.36   0.96  4263 1.00
f_invlogit[66]    0.09    0.00   0.14    0.00    0.00    0.03   0.11   0.52  2855 1.00
f_invlogit[67]    0.07    0.00   0.12    0.00    0.00    0.02   0.07   0.43  3669 1.00
f_invlogit[68]    0.88    0.00   0.19    0.24    0.85    0.94   0.99   1.00  7604 1.00
log_lik[1]       -0.78    0.00   0.11   -1.09   -0.82   -0.74  -0.70  -0.69  2587 1.00
log_lik[2]       -0.35    0.00   0.05   -0.50   -0.37   -0.34  -0.32  -0.31  3458 1.00
log_lik[3]       -0.91    0.01   0.16   -1.23   -1.03   -0.90  -0.77  -0.69   906 1.00
log_lik[4]       -0.44    0.00   0.10   -0.65   -0.52   -0.43  -0.35  -0.31  1258 1.00
log_lik[5]       -0.36    0.00   0.06   -0.52   -0.38   -0.34  -0.32  -0.31  3522 1.00
log_lik[6]       -0.37    0.00   0.06   -0.55   -0.39   -0.35  -0.32  -0.31  2560 1.00
log_lik[7]       -0.74    0.00   0.11   -1.13   -0.74   -0.70  -0.69  -0.69  5998 1.00
log_lik[8]       -0.39    0.00   0.08   -0.59   -0.42   -0.36  -0.33  -0.31  2208 1.00
log_lik[9]       -0.48    0.00   0.11   -0.67   -0.57   -0.47  -0.38  -0.32   896 1.00
log_lik[10]      -0.85    0.00   0.14   -1.19   -0.94   -0.81  -0.73  -0.69  1434 1.00
log_lik[11]      -0.33    0.00   0.03   -0.40   -0.33   -0.32  -0.31  -0.31  5317 1.00
log_lik[12]      -1.24    0.00   0.12   -1.31   -1.31   -1.29  -1.22  -0.83  6447 1.00
log_lik[13]      -1.09    0.01   0.18   -1.30   -1.25   -1.16  -0.96  -0.71   523 1.00
log_lik[14]      -0.36    0.00   0.06   -0.55   -0.39   -0.34  -0.32  -0.31  1744 1.00
log_lik[15]      -0.36    0.00   0.06   -0.53   -0.38   -0.34  -0.32  -0.31  3067 1.00
log_lik[16]      -0.32    0.00   0.03   -0.37   -0.32   -0.31  -0.31  -0.31  5609 1.00
log_lik[17]      -1.08    0.01   0.18   -1.30   -1.24   -1.14  -0.94  -0.71   571 1.01
log_lik[18]      -0.34    0.00   0.05   -0.49   -0.35   -0.33  -0.32  -0.31  2921 1.00
log_lik[19]      -1.04    0.01   0.18   -1.29   -1.20   -1.08  -0.89  -0.70   557 1.00
log_lik[20]      -1.22    0.00   0.12   -1.31   -1.30   -1.27  -1.20  -0.81  9787 1.00
log_lik[21]      -0.39    0.00   0.08   -0.61   -0.43   -0.36  -0.33  -0.31  1776 1.00
log_lik[22]      -0.37    0.00   0.09   -0.65   -0.39   -0.34  -0.32  -0.31  4521 1.00
log_lik[23]      -1.24    0.00   0.12   -1.31   -1.31   -1.29  -1.22  -0.82  6108 1.00
log_lik[24]      -0.35    0.00   0.05   -0.50   -0.37   -0.33  -0.32  -0.31  3739 1.00
log_lik[25]      -0.35    0.00   0.06   -0.57   -0.35   -0.32  -0.32  -0.31  7261 1.00
log_lik[26]      -0.33    0.00   0.03   -0.43   -0.34   -0.32  -0.31  -0.31  5566 1.00
log_lik[27]      -0.36    0.00   0.06   -0.53   -0.39   -0.34  -0.32  -0.31  2339 1.00
log_lik[28]      -0.36    0.00   0.06   -0.53   -0.39   -0.35  -0.32  -0.31  3037 1.00
log_lik[29]      -0.35    0.00   0.04   -0.47   -0.36   -0.33  -0.32  -0.31  4838 1.00
log_lik[30]      -0.36    0.00   0.06   -0.53   -0.38   -0.34  -0.32  -0.31  2643 1.00
log_lik[31]      -0.41    0.00   0.09   -0.62   -0.47   -0.39  -0.33  -0.31  1169 1.00
log_lik[32]      -0.82    0.00   0.13   -1.16   -0.88   -0.77  -0.71  -0.69  2448 1.00
log_lik[33]      -0.62    0.00   0.10   -0.69   -0.69   -0.66  -0.59  -0.34  5055 1.00
log_lik[34]      -0.44    0.00   0.10   -0.64   -0.51   -0.43  -0.35  -0.31  1052 1.00
log_lik[35]      -0.40    0.00   0.08   -0.60   -0.45   -0.38  -0.33  -0.31  1806 1.00
log_lik[36]      -0.34    0.00   0.04   -0.45   -0.35   -0.33  -0.32  -0.31  4240 1.00
log_lik[37]      -1.07    0.01   0.18   -1.30   -1.23   -1.12  -0.92  -0.71   592 1.00
log_lik[38]      -0.34    0.00   0.04   -0.48   -0.35   -0.33  -0.32  -0.31  3117 1.00
log_lik[39]      -0.33    0.00   0.03   -0.43   -0.33   -0.32  -0.31  -0.31  2702 1.00
log_lik[40]      -0.94    0.01   0.17   -1.26   -1.08   -0.94  -0.79  -0.70   925 1.00
log_lik[41]      -1.17    0.00   0.16   -1.31   -1.30   -1.24  -1.11  -0.73  3075 1.00
log_lik[42]      -0.36    0.00   0.06   -0.54   -0.37   -0.33  -0.32  -0.31  1623 1.00
log_lik[43]      -0.33    0.00   0.03   -0.42   -0.32   -0.31  -0.31  -0.31  2365 1.00
log_lik[44]      -0.32    0.00   0.03   -0.41   -0.31   -0.31  -0.31  -0.31  3110 1.00
log_lik[45]      -0.35    0.00   0.07   -0.60   -0.35   -0.32  -0.31  -0.31  3202 1.00
log_lik[46]      -0.74    0.00   0.08   -0.98   -0.74   -0.71  -0.69  -0.69  3799 1.00
log_lik[47]      -0.63    0.00   0.09   -0.69   -0.69   -0.67  -0.62  -0.36  4896 1.00
log_lik[48]      -0.33    0.00   0.03   -0.42   -0.33   -0.32  -0.31  -0.31  3289 1.00
log_lik[49]      -0.34    0.00   0.04   -0.47   -0.34   -0.32  -0.31  -0.31  2998 1.00
log_lik[50]      -0.32    0.00   0.03   -0.40   -0.32   -0.32  -0.31  -0.31  3017 1.00
log_lik[51]      -0.32    0.00   0.02   -0.38   -0.32   -0.31  -0.31  -0.31  4691 1.00
log_lik[52]      -0.33    0.00   0.03   -0.44   -0.33   -0.32  -0.31  -0.31  4258 1.00
log_lik[53]      -0.32    0.00   0.02   -0.37   -0.32   -0.31  -0.31  -0.31  4125 1.00
log_lik[54]      -0.33    0.00   0.04   -0.44   -0.33   -0.32  -0.31  -0.31  3771 1.00
log_lik[55]      -0.33    0.00   0.03   -0.41   -0.33   -0.32  -0.31  -0.31  5640 1.00
log_lik[56]      -0.33    0.00   0.03   -0.40   -0.33   -0.32  -0.31  -0.31  6222 1.00
log_lik[57]      -1.07    0.01   0.19   -1.30   -1.23   -1.12  -0.93  -0.71   568 1.00
log_lik[58]      -0.34    0.00   0.04   -0.46   -0.35   -0.32  -0.32  -0.31  4576 1.00
log_lik[59]      -0.35    0.00   0.05   -0.50   -0.35   -0.33  -0.32  -0.31  2609 1.00
log_lik[60]      -0.34    0.00   0.05   -0.48   -0.35   -0.33  -0.32  -0.31  3791 1.00
log_lik[61]      -0.35    0.00   0.06   -0.53   -0.36   -0.32  -0.31  -0.31  2060 1.00
log_lik[62]      -0.33    0.00   0.04   -0.45   -0.33   -0.32  -0.31  -0.31  2987 1.00
log_lik[63]      -0.33    0.00   0.03   -0.43   -0.33   -0.32  -0.31  -0.31  5947 1.00
log_lik[64]      -0.35    0.00   0.05   -0.50   -0.36   -0.33  -0.32  -0.31  3223 1.00
log_lik[65]      -0.83    0.00   0.17   -1.28   -0.89   -0.75  -0.70  -0.69  4373 1.00
log_lik[66]      -0.74    0.00   0.08   -0.99   -0.75   -0.71  -0.70  -0.69  3207 1.00
log_lik[67]      -0.73    0.00   0.07   -0.93   -0.73   -0.70  -0.69  -0.69  4110 1.00
log_lik[68]      -0.35    0.00   0.06   -0.58   -0.35   -0.33  -0.32  -0.31  8299 1.00
log_y_new[1]     -0.33    0.01   0.74   -2.41   -0.30   -0.09  -0.02   0.00  5631 1.00
log_y_new[2]     -3.88    0.09   2.70  -10.79   -5.04   -3.31  -2.06  -0.28   823 1.01
log_y_new[3]     -0.20    0.01   0.56   -1.63   -0.15   -0.04  -0.01   0.00  5174 1.00
log_y_new[4]     -0.46    0.01   0.94   -3.20   -0.45   -0.12  -0.02   0.00  5197 1.00
log_y_new[5]     -3.91    0.11   2.89  -11.21   -5.18   -3.30  -1.90  -0.18   680 1.01
log_y_new[6]     -0.19    0.00   0.47   -1.41   -0.16   -0.06  -0.01   0.00 10395 1.00
log_y_new[7]     -2.89    0.09   2.42   -9.13   -3.92   -2.27  -1.22  -0.08   789 1.00
log_y_new[8]     -0.14    0.01   0.65   -1.48   -0.02    0.00   0.00   0.00  3474 1.00
log_y_new[9]     -3.88    0.09   2.65  -10.72   -5.04   -3.30  -2.09  -0.31   799 1.00
log_y_new[10]    -3.44    0.08   2.72  -10.45   -4.68   -2.86  -1.51  -0.09  1039 1.00
log_y_new[11]    -3.43    0.08   2.41   -9.66   -4.41   -2.87  -1.87  -0.25   813 1.00
log_y_new[12]    -0.17    0.00   0.43   -1.31   -0.14   -0.04  -0.01   0.00  9150 1.00
log_y_new[13]    -0.16    0.01   0.54   -1.32   -0.09   -0.02   0.00   0.00  7419 1.00
log_y_new[14]    -0.17    0.00   0.48   -1.23   -0.14   -0.04  -0.01   0.00 10384 1.00
log_y_new[15]    -0.03    0.00   0.17   -0.21   -0.01    0.00   0.00   0.00 10067 1.00
lp__           -157.60   15.63 155.53 -451.98 -268.44 -162.19 -53.09 152.14    99 1.02

Samples were drawn using NUTS(diag_e) at Sat Dec  3 21:42:12 2022.
For each parameter, n_eff is a crude measure of effective sample size,
and Rhat is the potential scale reduction factor on split chains (at 
convergence, Rhat=1).
